197.24	25.26	-160.91	80.3661	42.1655	-59.9101
194.26	30.8	-153.66	80.0572	44.6005	-63.6841
191.72	37.33	-151.86	77.1757	49.2227	-67.4881
194.01	37.23	-151.82	78.7259	48.9697	-61.6678
196.79	34.37	-151.17	81.0626	43.8116	-53.8671
195.96	19.75	-131.72	99.2356	26.2822	-37.7215
193.03	20.86	-130.98	100.566	23.7871	-40.3709
192.83	20.71	-130.82	100.466	24.1745	-39.7735
192.75	20.18	-130.56	98.107	26.1433	-39.8221
192.91	19.39	-130.04	96.1924	28.6269	-40.6265
193.53	18.04	-130.75	98.5183	30.041	-36.3571
197.48	15.81	-135.16	100.006	25.7697	-28.605
202.76	12.61	-141.69	99.1069	22.6051	-22.6997
201.46	11.22	-138.44	106.983	16.8796	-19.2729
195.64	10.9	-130.58	103.009	5.88627	-33.0858
193.76	10.79	-132.8	106.883	4.91549	-31.9955
193.53	10.72	-132.54	106.42	5.85453	-32.4384
193.29	10.82	-132.86	107.734	6.36515	-32.0882
193.42	10.9	-132.93	108.78	6.8608	-32.0309
193.65	10.84	-132.77	105.158	4.81783	-33.0376
193.46	10.89	-132.85	106.895	5.92945	-32.5014
193.48	10.96	-132.85	106.839	5.9388	-32.6098
194.25	11.61	-132.94	105.279	6.68398	-33.7553
195.02	12.44	-133.21	104.474	7.06779	-34.0043
195.09	13.05	-133.3	101.815	6.3263	-34.522
193.75	12.49	-131.64	97.1351	6.95387	-40.9103
194.38	12.98	-131.67	97.347	7.75402	-45.1537
196.6	16.18	-131.69	96.1907	7.14109	-43.9862
197.31	19.09	-132.2	93.606	4.4634	-44.8801
196.97	37.83	-141.71	88.2047	55.3756	-62.1665
193.76	40.25	-141.97	87.0809	56.652	-64.2229
192.16	40.44	-141.31	86.1843	66.7026	-62.9898
188.93	40.31	-143.69	83.7236	66.0036	-63.3057
183.77	40.07	-148.85	84.0688	61.7106	-60.8637
178.48	39.35	-153.53	84.2041	58.576	-60.3929
176.5	39.43	-154.16	84.5779	57.7233	-60.6144
173.95	40.03	-150.82	82.8222	60.8076	-66.2027
173.36	41.03	-148.12	79.7064	69.4901	-71.506
171.95	41.87	-147.47	80.5003	69.9956	-69.613
167.45	40.74	-148.42	83.5157	63.9715	-64.7923
164.85	38.95	-148.51	84.3276	62.7084	-64.234
162.66	37.75	-148.15	87.9628	60.2189	-63.8834
161.25	36.05	-147.64	94.0656	58.651	-64.3709
161.02	33.62	-145.7	99.8721	59.2734	-64.3466
160.92	31.4	-145.01	102.651	57.9962	-63.252
161.01	29.45	-144.51	107.187	54.3297	-60.1293
162.07	28.45	-144.14	106.622	50.674	-59.4189
164.56	26.6	-142.08	105.122	54.1882	-60.3447
165.79	25.6	-141.06	106.389	57.121	-59.2283
168.8	24.8	-138.48	109.675	56.733	-55.6965
170.78	25.29	-138.1	113.002	53.903	-52.7794
171.83	25.65	-137.24	110.773	45.0885	-53.6859
168.54	25.84	-137.81	99.1298	28.6927	-59.6008
165.15	26.26	-138.69	97.5874	27.8251	-64.4354
162.52	26.52	-140.39	96.6311	26.1138	-67.7934
161.62	26.52	-141.08	96.303	24.2016	-68.8891
162.18	26.25	-141.18	98.175	23.8472	-70.297
164.25	25.89	-140.67	99.7116	27.9106	-69.4894
168.24	25.9	-139.52	104.107	35.7247	-64.6749
173.38	25.26	-137.39	105.004	29.4742	-60.3384
178.45	22.66	-136.23	100.622	8.60942	-54.0766
173.96	19.9	-132.59	97.7742	5.42731	-56.8129
170.93	19.72	-131.82	95.1162	-2.58636	-61.9304
159.29	19.61	-135.04	-99.1281	47.0929	80.9502
154.53	20.34	-135.43	-97.7091	52.3312	89.7453
140.17	25.29	-141.23	-96.8214	43.3887	100.816
138.28	25.77	-141.78	-96.055	42.2904	101.226
138.32	26.7	-142.97	-96.2634	45.5208	101.811
138.99	28.6	-145.07	-99.5512	51.7108	101.157
137.81	29.74	-145.93	-102.232	52.0038	100.938
136.46	30.42	-146.03	-103.202	54.6276	100.641
135.26	30.53	-145.99	-101.861	55.7559	101.613
135.54	28.86	-144.44	-99.3106	49.5792	101.985
135.89	28.21	-143.8	-98.0082	46.1862	102.592
141.08	24.8	-138.34	-95.9894	41.4067	99.456
142.66	22.52	-135.95	-93.2999	33.0174	97.0039
138.93	22.62	-139.65	-90.4479	35.7309	102.071
139.31	22.77	-138.42	-91.5959	35.3606	100.787
132.02	24.99	-141.78	-95.925	36.9667	102.172
125.69	28.61	-146.09	-98.2803	42.8331	105.273
124.58	30.21	-147.08	-97.5996	48.4158	108.757
117.49	32.15	-149.08	-97.527	52.4366	108.442
110.35	32.96	-150.73	-97.5655	51.7835	107.927
105.37	32.63	-151.61	-95.0742	52.7896	109.028
102.42	32.48	-152.37	-90.9154	57.311	112.496
102.36	32.53	-152.53	-89.9428	58.8464	113.403
101.98	33.02	-152.7	-88.6556	61.2532	115.438
98.17	34.25	-153.91	-89.3805	61.3513	116.524
97.22	34.08	-153.93	-89.3009	60.9159	116.105
99.71	33.37	-152.71	-89.5048	58.1551	115.485
101.07	33.59	-153.22	-87.9149	57.1398	117.641
99.25	33.87	-153.73	-87.0237	58.2512	118.711
98.39	34.21	-153.94	-88.6615	56.639	117.946
97.49	35	-154.22	-91.1118	52.8557	116.95
93.6	36.19	-155.62	-92.7724	50.1665	116.176
88.28	36.62	-156.64	-91.5885	51.8075	116.555
81.7	36.74	-157.48	-90.1618	53.8846	116.484
75.98	36.61	-158.08	-88.3777	57.0431	116.63
72.15	36.53	-159.02	-86.3183	58.3599	117.96
70.06	36.39	-159.22	-85.1205	59.341	118.704
69.35	36.29	-159.43	-84.8335	59.4126	118.721
70.14	36.11	-159.05	-85.7818	58.5091	117.636
72.6	35.69	-158.14	-87.284	57.5122	116.003
76.28	35.28	-157.39	-88.0165	57.3482	115.047
81.81	34.63	-156.27	-89.4531	56.7196	113.571
83.65	34.37	-155.95	-89.1289	56.8756	113.912
84.23	34.42	-155.84	-90.6225	54.308	112.869
84.87	34.32	-155.79	-90.3143	54.1883	113.131
84.93	34.25	-155.84	-89.8818	54.8143	113.453
84.63	34.23	-155.96	-89.1134	56.0105	114.153
84.81	34.33	-155.9	-89.5755	55.4087	113.714
85.03	34.35	-155.85	-88.9207	56.5278	114.229
85	34.25	-155.88	-88.6277	56.8988	114.506
84.99	34.26	-155.87	-88.35	57.3905	114.763
84.97	34.27	-155.85	-88.1502	57.8237	114.946
84.98	34.31	-155.89	-87.9712	58.1703	115.148
84.92	34.35	-155.92	-87.7967	58.5754	115.289
84.93	34.36	-155.94	-87.6998	58.759	115.385
84.97	34.48	-155.91	-87.206	60.0081	115.749
85.22	34.3	-155.97	-86.9975	60.5806	116.03
85.25	34.28	-155.88	-86.9622	60.6637	116.044
85.15	34.34	-155.96	-87.0066	60.5071	115.998
85.25	34.31	-155.89	-86.8293	61.0104	116.158
85.44	34.41	-155.9	-86.1831	62.5423	116.69
85.47	34.37	-155.77	-86.2327	62.7933	116.595
85.49	34.43	-155.83	-86.294	62.7505	116.502
85.48	34.4	-155.84	-86.2408	62.5498	116.616
85.54	34.42	-155.85	-86.211	62.7543	116.604
85.59	34.43	-155.83	-86.1925	62.8867	116.588
85.63	34.42	-155.81	-86.2115	62.9851	116.539
85.66	34.41	-155.76	-86.199	63.1751	116.525
85.71	34.5	-155.65	-86.1197	63.73	116.536
85.75	34.48	-155.6	-86.0153	64.1067	116.614
85.73	34.37	-155.58	-86.0902	64.0359	116.569
85.74	34.36	-155.55	-85.9508	64.382	116.692
85.77	34.38	-155.55	-85.8401	64.6707	116.781
85.82	34.44	-155.6	-85.632	65.1218	116.944
85.86	34.49	-155.67	-85.5048	65.4361	117.024
85.99	34.59	-155.78	-85.2277	66.0215	117.199
86.02	34.59	-155.76	-85.1828	66.207	117.203
86.04	34.59	-155.74	-85.1616	66.3357	117.194
86.03	34.57	-155.68	-85.213	66.4197	117.115
85.97	34.54	-155.59	-85.2912	66.5082	117.023
85.87	34.51	-155.48	-85.3011	66.7177	116.988
85.78	34.55	-155.31	-84.7198	67.6836	117.404
85.83	34.47	-155.33	-85.1824	67.2941	117
85.89	34.47	-155.31	-85.1633	67.4148	116.98
86.05	34.51	-155.35	-85.1224	67.4657	116.968
86.17	34.53	-155.4	-85.0623	67.5129	116.976
86.79	34.52	-155.56	-84.7338	67.9957	116.916
86	34.36	-155.68	-84.4584	67.2781	117.152
81.13	35.08	-156.89	-86.0904	63.1539	116.322
75.27	36.06	-157.99	-90.6713	55.6408	112.532
74.23	36.18	-158.18	-91.7916	53.101	111.659
70.46	36.21	-159.13	-93.3478	44.5853	110.606
66.89	36.12	-159.96	-93.6208	38.3063	110.767
62.7	36.03	-160.75	-93.3818	36.151	110.735
60.16	36.21	-161.33	-92.6889	40.5792	110.164
51.74	36.65	-162.06	-88.7146	64.8965	109.031
49.27	37.37	-164.08	-52.2667	84.7078	144.873
45.97	38.37	-166.95	70.3188	72.9926	-91.9285
44.46	38.78	-168.11	74.5528	66.5232	-87.286
43.62	38.74	-168.78	74.8232	65.5416	-86.7811
42.78	38.62	-169.3	74.1841	66.1223	-87.2971
41.96	38.62	-169.93	74.4263	64.6556	-87.4575
41.88	38.57	-170.11	74.728	64.2396	-87.3682
42.64	37.75	-169.36	63.6255	74.553	-98.9127
43.82	37.24	-168.12	39.8381	81.5234	-122.623
45.26	36.76	-166.96	-9.33561	83.4321	-172.079
46.85	36.14	-165.84	-71.3961	71.7542	126.378
48.64	35.56	-165.04	-80.1547	61.5972	118.382
48.67	35.58	-164.71	-82.1751	57.5317	116.817
48.21	35.5	-164.75	-82.9299	55.2339	116.386
47.15	35.72	-165.26	-82.3349	55.408	117.015
45.78	35.96	-166.05	-81.3242	56.5788	117.784
46.4	35.91	-166.02	-81.4848	57.3649	117.251
46.56	35.97	-165.97	-80.8741	57.6994	117.716
46.85	36	-165.78	-81.8526	55.4157	116.998
47.1	36.13	-165.76	-82.9809	51.8385	116.605
47.7	36.18	-165.63	-84.0353	48.3275	116.546
48.48	36.32	-165.51	-84.4715	46.0149	117.201
48.12	36.59	-165.96	-84.8019	44.6276	117.758
46.91	36.74	-166.55	-84.634	43.6645	118.494
45.07	36.57	-168.04	-83.8731	41.2536	120.364
43.54	36.73	-169.23	-82.5304	41.0317	122.585
40.71	36.83	-171.42	-81.4278	39.2529	124.939
38.85	36.49	-173.16	-81.1916	35.8712	126.422
36.94	36.43	-174.88	-80.465	33.9189	128.336
35.06	36.34	-177.03	-78.8742	33.1791	131.136
34.22	36.29	-178.56	-78.2447	32.3467	132.653
31.7	35.6	-181.35	-77.3549	28.4055	135.37
30.3	35.02	-183.19	-77.5796	24.5457	136.792
28.66	35.24	-185.16	-77.6557	23.0753	138.462
25.9	35.59	-188.58	-74.6824	25.0413	142.64
24.11	35.83	-191.44	-71.9232	26.0783	146.756
23.18	36.14	-194.54	-70.1662	25.0671	151.619
23.19	36.15	-196.17	-70.0426	23.2193	154.272
23.32	36.32	-196.86	-70.2881	22.0478	155.447
24.05	35.91	-196.4	-71.4482	20.1139	154.852
24.54	35.87	-195.68	-71.5369	20.1212	154.489
27.38	36.35	-193.11	-72.4996	20.4676	154.252
29.36	36.65	-191.72	-72.3746	21.2065	154.243
31.32	36.99	-190.2	-72.6696	22.3835	153.67
33.04	37.55	-188.93	-72.0517	24.3573	153.704
35.25	37.51	-187.14	-72.6952	25.0423	152.395
37.21	37.57	-185.26	-73.3127	25.6541	150.989
37.7	37.52	-185.02	-73.5871	25.299	150.732
39.28	37.33	-183.85	-74.3054	24.5291	149.643
36.14	36.39	-187.74	-76.454	17.9965	151.437
32.42	35.25	-191.55	-77.1604	13.1945	153.773
29.88	34.69	-194.68	-76.4201	11.0314	156.287
27.46	34.42	-198.78	-75.3296	10.0426	159.673
20.67	34.65	-211.04	-69.8713	11.2582	167.329
5.88	38.31	-242.9	-48.963	16.9194	-171.217
5.12	40.02	-241.5	-45.0927	21.0302	-169.342
5.06	40.01	-239.79	-45.4385	22.6353	-170.17
5.51	39.45	-237.18	-45.9726	23.5264	-171.959
6.46	38.41	-233.4	-47.2185	24.5514	-175.157
7.86	37.35	-229.25	-48.7076	25.5226	-178.577
9.02	37.2	-226.44	-48.8584	26.8588	179.723
9.11	37.12	-225.88	-48.9516	26.7219	179.802
9.69	36.81	-224.48	-50.5335	26.2815	178.722
0.45	37.68	-256.42	-47.9993	14.784	-172.445
-1.15	39.57	-263.09	-45.3992	15.2868	-170.09
-2.1	40.62	-266.34	-43.0537	15.6573	-168.946
-4.95	43.53	-275.04	-39.7672	16.8549	-166.953
-7.49	45.43	-279.87	-38.4618	17.8225	-166.3
-12.04	48.92	-284.56	-37.0971	19.8052	-165.128
-13.98	50.27	-285.86	-36.9429	20.5037	-164.84
-15.17	50.38	-285.82	-38.168	20.8339	-165.967
-15.23	50.46	-285.24	-37.6561	21.1221	-166.099
-15.33	50.16	-284.02	-36.4174	21.8277	-166.421
-15.64	49.69	-282.63	-35.4578	22.428	-167.099
-16.25	49.38	-279.94	-34.8425	24.4784	-168.271
-16.8	50.47	-276.27	-30.7276	27.6096	-166.975
-18.48	52.66	-272.5	-23.6276	32.2591	-163.275
-19.47	53.57	-271.08	-19.0259	33.9962	-160.577
-19.95	54.26	-269.63	-15.5141	35.1665	-158.341
-20.52	54.56	-267.79	-12.8077	36.7087	-156.643
-22.66	55.68	-269.76	-8.59647	36.7458	-153.008
-24.83	56.99	-273.54	-6.21807	35.8319	-150.338
-28.21	59.72	-279.03	-1.83924	34.4667	-145.78
-30.76	61.75	-281.67	1.37027	34.5526	-142.556
-36.55	65.8	-285.21	13.8201	32.4525	-132.19
-40.73	68.21	-285.94	22.7027	30.4198	-124.604
-44.03	69.47	-286.69	28.424	28.2925	-120.245
-47.47	70.31	-286.62	35.2117	26.0727	-116.12
-49.66	70.38	-286.34	40.4476	23.5037	-113.487
-52.06	70.04	-286.32	45.3962	21.6786	-111.371
-54.09	69.77	-286.12	50.4009	18.6979	-109.36
-56.27	69.72	-286.95	53.7675	16.6085	-108.147
-58.36	69.8	-288.46	56.1264	15.0732	-107.421
-60.31	69.74	-288.56	59.2217	12.7806	-106.367
-63.98	68.07	-289.52	66.1371	8.55001	-105.022
-65.11	67.6	-289.86	67.4759	8.2372	-105.027
-65.21	67.88	-290.21	67.109	8.58569	-105.456
-65.98	67.76	-291.06	66.7479	9.2788	-105.909
-65.34	68.44	-291.19	64.9214	10.7935	-106.52
-64.9	68.82	-291.57	63.6401	11.7122	-106.988
-63.19	68.8	-289.06	62.813	13.0821	-106.948
-62.53	68.25	-286.46	65.3352	11.4505	-106.104
-63.07	63.94	-288.15	72.5524	9.23286	-109.842
-62.18	62.13	-287.62	75.3942	8.14608	-111.646
-61.89	60.2	-288.59	78.3932	7.51972	-113.689
-60.55	58.98	-287.93	78.8578	8.51203	-114.844
-58.98	57.98	-287.22	78.0926	10.6202	-116.066
-60.08	56.18	-290.13	80.1398	11.3459	-117.552
-61.35	54.49	-292.23	85.724	8.5864	-118.137
-62.39	53.33	-293.52	89.929	6.26929	-118.479
-62.39	49.8	-294.9	102.694	-1.23844	-119.523
-63.44	46.61	-296.93	114.428	-7.4068	-120.514
-64.91	44.19	-298.64	123.144	-11.8299	-120.941
-66.72	43.84	-300.47	123.557	-12.7118	-119.853
-68.76	43.49	-301.55	121.912	-11.6045	-118.304
-73.92	46.95	-303.21	113.325	-9.70783	-116.134
-76.55	50.93	-302.74	105.531	-7.7152	-113.878
-79.52	51.78	-303.13	103.422	-6.76068	-112.124
-80.63	52.45	-303.44	103.972	-8.2448	-111.641
-80.91	51.42	-302.11	108.336	-12.9246	-106.564
-80.3	47.19	-298.36	113.611	-16.4984	-100.067
-81.91	36.21	-288.81	124.765	-28.5664	-78.9622
-81.5	34.41	-290.2	128.08	-31.313	-76.7875
-81.32	33.35	-290.79	130.658	-32.526	-75.7671
-79.82	31.1	-289.1	135.653	-35.753	-71.7859
-78.97	29.49	-291.6	140.272	-36.4508	-70.087
-78.26	28.73	-292.08	143	-38.9533	-66.8244
-80.19	29.18	-295.92	143.189	-40.2987	-62.755
-81.35	29.92	-294.92	140.902	-40.3951	-60.274
-81.12	29.83	-293.58	137.473	-39.6429	-56.5432
-79.63	28.72	-289.12	136.165	-40.7598	-54.3731
-76.12	27.41	-282.75	135.521	-40.9883	-52.7306
-73.25	26.9	-278.93	136.273	-41.448	-52.9215
-70.77	26.69	-275.58	135.913	-42.3349	-52.8396
-71.48	27.86	-276.7	134.542	-41.9757	-54.648
-114	33.05	-283.57	103.162	-39.4601	-3.59567
-117.99	24.79	-283.8	104.753	-47.299	-17.7558
-119.48	26.61	-282.02	100.453	-45.6681	-8.12671
-118.14	22.93	-276.95	92.7952	-45.2917	9.92624
-116.91	21.72	-274.69	90.304	-43.8917	16.5269
-114.82	20.82	-270.44	92.3646	-40.691	22.5652
-113.9	20.18	-269.01	93.5402	-39.9447	23.9924
-112.78	19.3	-267.43	95.532	-39.55	25.5993
-112.17	18.51	-266.34	95.7817	-38.6993	27.1918
-111.48	18.36	-265.12	97.4635	-38.0973	27.6129
-111.04	17.12	-262.7	97.549	-36.3445	28.6549
-110.97	16.19	-261.74	99.6801	-37.0898	27.1372
-111.33	14.02	-260.12	96.7042	-36.991	27.3346
-111.56	10.99	-257.65	91.669	-36.9004	28.3424
-110.58	8.96	-255.16	93.7398	-37.0279	27.67
-110.16	7.92	-252.86	93.3641	-35.3741	27.5319
-110.59	7.99	-251.98	94.3623	-34.9121	26.292
-111.7	7.65	-250.24	94.3645	-33.7387	23.5709
-112.97	8.03	-248.4	94.8251	-32.1293	19.9932
-114.28	8.46	-246.59	94.6248	-30.6536	16.9293
-115.25	8.29	-245.62	92.5564	-29.3648	15.5476
-115.66	7.92	-244.88	91.534	-28.757	15.4268
-116.05	7.86	-243.88	90.7717	-28.4986	14.9397
-116.36	7.21	-243.14	88.9994	-28.36	15.383
-117.18	6.45	-242.18	87.3319	-28.8813	14.0257
-118.73	5.66	-240.21	83.0485	-29.6286	12.7806
-121.44	3.37	-235.22	73.8654	-31.5337	11.3004
-123.56	1.26	-231.62	67.2314	-33.2196	11.4563
-125.56	-0.28	-228.8	62.34	-34.741	11.7108
-127.3	-1.5	-226.92	58.5474	-36.1997	11.9808
-129.06	-2.6	-225.44	55.2053	-37.3165	12.3554
-130.61	-3.72	-224.21	54.2459	-38.0776	11.6193
-132.55	-5.33	-222.5	52.2692	-39.4633	11.166
-134.14	-6.79	-221.51	48.8835	-40.9499	12.1
-136.48	-8.83	-220.15	44.9832	-43.6563	13.2339
-138.36	-9.98	-219.7	43.3474	-45.2324	13.8245
-142.14	-13.24	-217.89	41.8309	-50.726	13.7467
-144	-14.4	-217.84	41.4557	-54.0373	13.7015
-144.91	-14.46	-218.34	41.7711	-56.413	12.8278
-145.17	-14.09	-219.14	42.6859	-57.5824	11.2896
-145.22	-13.95	-219.74	43.0281	-58.2965	10.3997
-145.33	-13.65	-220.38	43.2604	-59.0897	9.60272
-145.22	-13.27	-221.13	45.3184	-60.0447	7.08014
-144.93	-13.05	-221.77	46.6644	-60.8377	5.51836
-144.89	-12.99	-222.34	46.3341	-61.4151	6.47442
-145.11	-12.87	-223.08	44.4407	-62.5994	9.87557
-145.49	-12.8	-224.06	40.4456	-63.5319	14.3821
-145.59	-12.86	-224.53	35.5247	-64.1361	19.8329
-145.85	-13.15	-224.82	29.6931	-64.1464	26.3599
-145.74	-13.22	-224.9	25.5478	-64.1406	31.3088
-145.54	-13.14	-225.08	23.3388	-64.1355	34.0719
-145.17	-12.78	-225.41	24.6088	-64.6084	32.7275
-144.74	-12.2	-225.81	27.341	-65.2317	29.7972
-144.43	-11.48	-226.24	30.0176	-65.7999	26.8085
-144.47	-10.9	-226.49	31.58	-66.151	25.0659
-145.01	-10.77	-226.64	31.6122	-66.1342	25.0634
-145.23	-10.92	-226.43	31.6594	-66.0937	25.1609
-145.27	-10.99	-226.45	30.2452	-65.8052	26.5326
-145.37	-11.01	-226.39	31.8523	-66.0416	25.0942
-145.96	-11.21	-226.11	34.4608	-65.8266	22.9473
-145.63	-10.82	-226.1	39.7309	-66.0091	17.7611
-145.27	-10.41	-225.93	42.6194	-66.0966	14.8791
-144.76	-9.6	-226.29	48.7305	-65.8002	8.80393
-144	-8.99	-226.32	52.4257	-65.3455	5.08652
-143.99	-8.43	-226.65	54.0455	-65.0527	3.33174
-144.03	-8.08	-226.79	53.4659	-65.133	3.70269
-144.27	-7.85	-227.03	53.0761	-65.2869	4.02832
-144.49	-7.95	-227.32	51.4406	-65.5334	5.63603
-144.52	-8.07	-227.5	48.8891	-65.8948	8.01773
-144.77	-8.13	-227.76	46.7209	-66.3837	10.0639
-145.02	-8.28	-227.87	45.082	-66.5795	11.672
-145.22	-8.39	-227.67	46.0516	-66.3774	10.8594
-145.38	-8.51	-227.41	46.7597	-66.1349	10.3237
-145.56	-8.62	-227.12	49.0121	-65.7724	8.39268
-145.48	-8.7	-226.75	50.7601	-65.4557	6.88114
-145.56	-8.73	-226.66	51.7405	-65.1839	6.03664
-145.59	-8.77	-226.39	52.2426	-64.9817	5.1724
-146	-8.79	-226.09	53.6547	-64.6863	2.77412
-146.62	-9.11	-225.71	54.8454	-64.207	0.757257
-147.16	-9.45	-225.41	56.2368	-63.7747	-1.01544
-147.56	-9.79	-225.07	56.5886	-63.4896	-1.45886
-148.52	-10.05	-224.35	56.0874	-63.2463	-1.35163
-149.32	-10.72	-223.97	54.7788	-63.0839	-0.0798375
-150.2	-11.53	-223.51	53.2315	-62.8915	1.41586
-151.05	-12.24	-223.17	51.1099	-62.8924	3.33244
-151.83	-12.83	-223	48.5606	-63.0385	5.5646
-152.26	-13.36	-222.85	46.4484	-63.2448	7.34103
-152.34	-13.47	-222.62	47.4148	-63.4708	6.31102
-152.38	-13.48	-222.63	45.6402	-63.7975	7.54941
-152.56	-13.57	-222.84	42.2167	-64.3565	10.1403
-152.33	-13.65	-223	40.1851	-65.0489	11.4121
-152.83	-13.89	-223.36	33.5242	-66.4609	15.8144
-153.14	-13.81	-223.5	18.9828	-67.2517	27.6195
-154.03	-13.62	-223.85	-9.11422	-63.7534	51.9074
-154.19	-13.25	-224.2	-22.2919	-59.7819	63.5082
-154.33	-13.2	-224.36	-32.1484	-54.6282	72.3566
-154.39	-13.07	-224.55	-35.2586	-52.8689	75.5893
-154.41	-12.83	-224.79	-35.8112	-52.399	76.718
-154.09	-12.99	-224.77	-35.3972	-52.7862	77.0677
-153.97	-12.92	-224.9	-34.8915	-53.1641	77.5221
-153.87	-12.94	-224.85	-33.0043	-54.4625	76.9421
-153.78	-13.07	-224.88	-31.0374	-55.3488	76.0936
-154.01	-13.96	-223.64	-14.9449	-60.3372	62.2017
-154.47	-14.3	-223.1	-8.54311	-61.9188	57.0397
-155.03	-14.65	-222.63	-3.73779	-62.5561	53.3195
-155.38	-15.26	-222	-0.173165	-62.3654	50.6047
-155.7	-16.69	-220.77	7.44504	-62.2713	44.1545
-156.38	-17.87	-220	13.5402	-62.019	38.645
-157.34	-19.37	-219.21	16.099	-61.4851	36.6086
-158.38	-20.64	-218.5	14.866	-60.678	38.208
-159.87	-22.75	-217.37	12.6735	-59.6094	40.8434
-160.69	-23.63	-216.95	10.5582	-59.0963	42.5117
-161.48	-23.77	-216.73	6.01962	-58.1845	45.5918
-164.94	-25.42	-216.21	-16.6537	-50.4454	58.4703
-168.13	-26.31	-216.1	-34.3069	-38.1448	68.88
-173.29	-27.43	-216.59	-52.7186	-16.7523	79.0916
-175.23	-28.1	-216.19	-55.9671	-12.0631	81.8681
-177.02	-28.52	-216.09	-56.943	-10.331	83.0984
-178.65	-29.21	-215.63	-55.8685	-10.5294	85.4055
-179.73	-30.37	-215.16	-53.4737	-11.6001	87.0695
-180.71	-32.11	-214.39	-49.551	-14.5984	88.4777
-182.91	-35.75	-213.35	-43.3743	-18.2205	89.5443
-183.16	-36.67	-213.3	-41.3532	-21.2684	90.1534
-183.25	-36.62	-213.68	-40.844	-22.2442	90.2982
-182.83	-36.82	-213.86	-39.0216	-26.2889	90.2999
-182.45	-36.09	-214.28	-38.2001	-29.2015	88.7629
-181.04	-34.66	-214.64	-36.8102	-33.6931	86.4953
-184.36	-30.94	-215.76	-52.1925	-16.9278	89.9045
-185.44	-30.24	-216.28	-56.9191	-10.389	92.8316
-187.93	-30.35	-216.03	-61.9517	-1.13591	96.5068
-192.59	-31.72	-216.15	-63.8163	7.83417	100.199
-196.2	-33.23	-215.7	-64.5042	12.441	102.401
-199.46	-34.53	-215.05	-64.6739	15.8663	104.341
-201.48	-35.34	-214.69	-64.8657	17.3145	105.576
-203.13	-36.39	-214.52	-66.0795	21.0302	106.562
-203.71	-36.62	-214.9	-66.8287	22.3734	107.024
-203.98	-36.81	-214.8	-67.5229	23.8119	107.087
-204.03	-36.82	-214.89	-68.201	24.3262	107.207
-203.94	-36.82	-215.48	-69.6647	25.7543	108.115
-204.15	-36.89	-215.23	-70.4104	27.9486	108.379
-204.08	-36.86	-215.06	-70.5781	29.8868	108.804
-204.18	-37.14	-214.88	-70.3657	30.1682	109.055
-204.03	-37.15	-215.58	-69.8805	28.7586	109.941
-204.38	-37.52	-215.76	-70.2241	24.1259	110.577
-204.67	-38.01	-217.48	-70.2546	17.3368	112.603
-206.33	-38.86	-219.49	-68.1615	12.0548	116.196
-207.06	-39.05	-220.01	-67.6135	12.8771	117.726
-206.99	-39.27	-221.08	-68.2852	11.8259	120.294
-207.41	-38.73	-221.8	-67.1901	14.1743	125.046
-208.04	-39.24	-222.12	-66.8767	15.3067	127.863
-208.87	-39.49	-221.77	-66.7272	16.7092	129.486
-209.36	-39.42	-221.34	-65.0562	19.5036	130.29
-209.42	-39.64	-221.38	-66.2264	19.2258	130.785
-209.16	-39.45	-221.3	-66.0698	20.9034	131.532
-208.88	-39.67	-221.23	-67.5442	20.8386	131.34
-208.86	-39.99	-220.95	-67.99	22.4986	131.093
-208.96	-40.32	-220.7	-67.9917	24.9962	131.326
-209.28	-40.07	-220.39	-69.2523	26.8685	131.461
-209.9	-40.44	-219.91	-69.0577	30.3249	132.128
-210.92	-40.64	-219.56	-70.6915	33.1268	132.59
-212.13	-41.14	-219.29	-67.3191	37.5456	133.657
-212.61	-41.71	-219.26	-69.54	35.9201	131.44
-213.1	-42.59	-218.85	-69.6115	35.1857	128.752
-213.25	-43.43	-218.78	-70.7282	32.6942	126.148
-212.79	-43.87	-218.83	-70.1037	31.5507	125.141
-212.75	-44.54	-218.99	-69.6735	29.6795	124.354
-212.9	-45.06	-218.98	-67.2417	29.8602	124.597
-213.02	-45.45	-219.52	-66.7673	26.847	124.293
-213.16	-46.07	-219.52	-65.8274	27.1115	124.302
-213.43	-46.42	-219.38	-66.4406	24.6487	123.236
-212.77	-46.32	-219.95	-64.7541	23.9125	123.722
-212.78	-46.49	-219.85	-64.5115	24.1085	123.462
-212.28	-46.42	-219.99	-64.468	24.7691	123.727
-212.87	-46.31	-219.41	-63.9827	27.9885	123.871
-213.26	-46.03	-219.33	-65.0518	28.6319	124.136
-215.03	-46.52	-219.06	-65.9626	31.2835	125.231
-216.68	-46.33	-218.64	-66.5632	34.1371	126.785
-219.25	-32.16	-227.45	-77.3334	58.949	115.486
-217.01	-31.98	-227.79	-75.6788	59.7761	116.245
-215.96	-31.98	-227.71	-75.6818	59.4045	115.029
-215.19	-32.1	-227.64	-75.2339	59.2278	114.122
-214.49	-32.16	-227.36	-75.2979	58.7182	113.099
-213.53	-31.51	-227.5	-76.1045	57.224	111.385
-212.9	-31.48	-227.3	-76.2488	56.395	110.654
-212.06	-31.39	-227.18	-76.4301	55.1747	109.943
-212.14	-31.3	-225.53	-79.086	52.141	106.013
-211.47	-31.19	-225.29	-80.2801	48.8601	104.352
-211.09	-31.07	-224.95	-80.517	47.6702	103.542
-210.2	-31.43	-225.06	-80.4054	45.9155	103.118
-209.66	-31.44	-225.29	-79.9571	45.2528	103.216
-208.74	-31.48	-225.14	-79.3905	44.7614	103.287
-208.28	-31.57	-224.66	-79.5964	43.4952	102.724
-207.58	-31.19	-224.71	-79.8484	41.7817	102.149
-207.02	-31.16	-224.42	-79.9869	40.5486	101.797
-206.26	-31.11	-224.61	-80.0045	39.032	101.45
-205.72	-30.87	-224.65	-79.8714	40.1618	101.228
-204.87	-31.08	-224.22	-80.5147	39.6484	100.291
-204.25	-30.88	-224.43	-80.5422	38.9315	99.9428
-203.61	-31.08	-224.34	-79.487	34.7998	98.7481
-203.16	-31.33	-224.19	-78.5495	32.0091	98.1887
-202.73	-31.43	-224.22	-77.7145	28.7792	97.8872
-202	-31.65	-224.16	-76.5202	24.3887	97.4416
-201.69	-31.76	-223.81	-75.9397	22.8459	97.1601
-201.07	-31.9	-223.56	-75.5985	21.6713	96.9336
-200.28	-32.04	-223.68	-75.6032	21.181	96.8478
-199.83	-31.92	-223.62	-75.8005	22.0694	96.4063
-199.41	-31.78	-223.38	-75.9915	23.7232	96.0469
-199.2	-31.65	-223.16	-76.2374	23.3376	95.5306
-198.73	-31.41	-223.36	-76.3609	23.0131	95.3917
-198.46	-31.14	-223.32	-76.5115	23.0178	95.0957
-198.07	-30.7	-223.17	-76.7242	24.7705	94.5514
-197.65	-30.6	-222.93	-76.8694	23.7744	94.1722
-196.98	-30.62	-222.81	-76.7838	23.5602	93.8578
-196.84	-30.5	-222.56	-76.8876	23.2336	93.3957
-196.6	-30.44	-222.37	-77.0877	22.9639	92.8394
-195.36	-30.67	-222.16	-77.2109	22.0143	92.11
-194.95	-30.58	-222.13	-77.2259	22.3787	91.7848
-191.52	-29.44	-220.86	-70.5978	2.73317	87.8562
-187.36	-28.28	-220.91	-62.9132	-19.4413	83.4518
-181.83	-26.08	-220.87	-57.3395	-32.3846	81.5936
-182.1	-26.81	-221.4	-50.6087	-41.2632	78.7999
-181.66	-27.56	-221.23	-50.6299	-40.8128	79.0093
-181.87	-27.26	-221.26	-50.9183	-39.8709	79.16
-181.84	-27.14	-221.41	-50.7072	-40.7518	78.9289
-184.95	-27.69	-220.54	-51.9471	-40.4125	82.2647
-185.08	-27.68	-220.52	-52.2486	-40.0078	82.5353
-185.25	-27.79	-220.43	-52.2425	-40.096	82.5458
-185.1	-27.78	-220.67	-52.4131	-40.3524	82.7941
-185.5	-27.69	-220.61	-52.4165	-40.4552	82.8422
-185.64	-27.72	-220.58	-52.3234	-40.4567	82.9784
-185.94	-27.77	-220.47	-51.9924	-40.7015	82.9218
-185.22	-28.07	-220.12	-49.9027	-44.0507	82.4379
-185.07	-27.79	-220.09	-49.6898	-44.9261	82.3917
-184.93	-27.48	-220.21	-49.4609	-45.3847	82.289
-184.49	-27.28	-220.54	-47.6033	-47.399	81.0126
-184.16	-27.32	-220.46	-46.4652	-48.228	80.3945
-184.19	-27.25	-220.35	-45.121	-48.9419	79.6923
-184.07	-27.55	-220.32	-44.12	-49.6363	79.1989
-183.66	-27.55	-220.27	-42.8652	-50.673	78.7473
-183.61	-27.49	-220.19	-41.8578	-51.5401	78.2527
-182.94	-27.83	-220.07	-40.6502	-52.8511	77.7364
-181.59	-26.26	-220.37	-40.5952	-52.4298	77.3866
-181.51	-26.31	-220.31	-39.3937	-53.7555	76.695
-181.36	-26.49	-220.23	-38.2111	-54.2042	76.1932
-180.78	-26.65	-220.08	-36.0996	-55.8286	75.3422
-180.46	-26.87	-220.18	-34.5257	-56.5585	74.8049
-180.34	-27.01	-220.32	-32.8626	-57.5466	73.9718
-180.03	-27.12	-220.41	-31.6286	-58.27	73.3806
-179.25	-27.23	-220.45	-30.2752	-58.919	72.7784
-178.87	-27.36	-220.39	-29.1979	-59.3875	72.1736
-178.52	-27.38	-220.44	-28.2235	-59.8982	71.63
-178.16	-27.51	-220.46	-27.0227	-60.3557	71.0256
-177.8	-27.69	-220.18	-26.6322	-59.9843	71.0077
-177.56	-27.7	-220.06	-26.9218	-59.7017	71.3072
-177.36	-27.67	-220.09	-27.1863	-59.3854	71.5911
-177.83	-27.68	-220.25	-26.7755	-59.743	71.1126
-177.55	-27.77	-220.26	-26.8118	-59.445	71.2851
-177.48	-27.85	-220.33	-26.8559	-59.193	71.3922
-177.44	-27.93	-220.42	-26.8561	-58.9425	71.4554
-177.42	-28.03	-220.53	-26.8122	-58.7705	71.4759
-177.27	-28.14	-220.6	-27.0633	-58.2744	71.7502
-177.17	-28.22	-220.65	-27.2418	-57.9493	71.9218
-177.09	-28.26	-220.69	-27.4402	-57.6653	72.099
-177.03	-28.26	-220.65	-27.5728	-57.4762	72.1788
-177.01	-28.24	-220.56	-27.6456	-57.3776	72.2002
-177.6	-27.94	-220.04	-25.954	-58.5455	70.5183
-177.37	-28.05	-219.86	-24.764	-59.1754	69.4845
-177.16	-28.07	-219.76	-23.9149	-59.8425	68.7505
-177.21	-28.18	-219.69	-22.1548	-60.627	67.1219
-177.31	-28.12	-219.62	-20.982	-61.0247	65.9712
-177.53	-28.12	-219.64	-19.5797	-61.7394	64.6908
-177.67	-28.23	-219.53	-18.8841	-61.9745	63.9883
-178.03	-28.02	-219.63	-18.9985	-61.6153	64.0325
-178.07	-27.88	-219.61	-18.9341	-61.7023	63.9585
-178.03	-28.04	-219.64	-18.8727	-61.8004	63.9247
-178.21	-27.95	-219.61	-18.7333	-61.7683	63.7667
-178.35	-27.84	-219.62	-18.7337	-61.7176	63.7317
-178.44	-27.69	-219.62	-18.5558	-61.8906	63.4865
-178.34	-27.63	-219.52	-18.5645	-61.9836	63.4515
-178.26	-27.6	-219.41	-18.5438	-62.1005	63.3917
-178.26	-27.56	-219.28	-18.6266	-62.2153	63.4913
-179.02	-28.26	-218.71	-20.0737	-60.8532	65.4616
-179.2	-28.31	-218.72	-20.3259	-60.5809	65.7693
-179.36	-28.3	-218.79	-20.6276	-60.336	66.0814
-179.52	-28.25	-218.9	-20.9149	-60.1323	66.3276
-179.62	-28.2	-218.95	-21.3439	-59.8474	66.6954
-179.78	-28.23	-218.95	-21.7921	-59.6066	67.0712
-179.87	-28.23	-218.92	-22.0495	-59.4458	67.2763
-179.94	-28.27	-218.88	-22.2511	-59.3221	67.4456
-179.98	-28.26	-218.89	-22.3402	-59.2641	67.5301
-180.03	-28.35	-218.82	-22.427	-59.1852	67.6377
-180.12	-28.42	-218.73	-22.7761	-58.8113	67.9912
-180.13	-28.5	-218.65	-22.8926	-58.6905	68.1692
-180.1	-28.57	-218.59	-23.0483	-58.583	68.3909
-180.06	-28.68	-218.5	-23.1495	-58.5143	68.6036
-180.09	-28.69	-218.53	-23.2518	-58.4013	68.7267
-180.05	-28.7	-218.55	-23.237	-58.4267	68.7429
-180.18	-28.73	-218.63	-23.3183	-58.2648	68.7985
-180.33	-28.73	-218.69	-23.2829	-58.1074	68.7405
-180.51	-28.77	-218.71	-23.1449	-57.999	68.6012
-181	-28.82	-218.68	-22.3897	-57.8587	67.9829
-180.99	-29.59	-218.26	-19.6488	-58.9361	65.835
-181.04	-29.48	-218.27	-19.2436	-59.074	65.4244
-180.83	-29.44	-218.32	-18.3782	-59.4829	64.5846
-180.12	-29.51	-218.21	-17.9266	-59.7957	64.1497
-179.37	-29.21	-218.54	-17.6542	-60.322	63.6342
-178.95	-28.78	-218.73	-17.7251	-60.5946	63.5294
-178.5	-28.49	-218.94	-17.9739	-60.7729	63.6607
-178.33	-28.69	-219.07	-17.9412	-60.9041	63.6568
-177.86	-28.28	-219.11	-19.9215	-60.4262	65.4075
-177.55	-28.37	-219.23	-20.9666	-59.8959	66.3413
-177.13	-28.43	-219.36	-21.4316	-59.8053	66.8082
-176.85	-28.56	-219.4	-21.9958	-59.4456	67.2866
-177.13	-28.38	-219.34	-22.0614	-59.3749	67.3961
-176.75	-28.49	-219.34	-21.9247	-59.6124	67.2226
-176.51	-28.48	-219.4	-22.3795	-59.3824	67.6205
-176.31	-28.44	-219.49	-22.7984	-59.1615	67.956
-175.46	-27.99	-219.8	-21.2846	-60.2308	66.4399
-174.74	-27.34	-220.04	-20.2883	-60.3692	65.3185
-174.07	-26.99	-220.19	-20.1785	-60.561	65.1069
-172.81	-26.21	-220.36	-20.4217	-60.4857	65.078
-172.13	-25.29	-220.5	-20.4313	-60.6331	64.843
-171.86	-24.75	-220.53	-19.785	-61.0121	64.0763
-171.12	-23.83	-220.35	-18.5043	-62.1705	62.6947
-170.57	-23.04	-220.51	-17.5454	-62.7917	61.6467
-170.03	-22.27	-220.75	-16.6538	-63.1465	60.6604
-169.17	-21.37	-220.99	-14.8493	-64.1751	58.8905
-168.91	-20.55	-221.12	-14.6483	-64.3478	58.5659
-168.76	-20.03	-221.24	-13.9943	-64.6934	57.8809
-167.96	-18.42	-221.35	-11.2589	-65.8645	54.9172
-167.1	-17.59	-221.27	-9.49018	-66.3206	52.7286
-166.81	-17.39	-221.25	-8.77134	-66.7093	51.8687
-166.52	-16.56	-221.48	-7.81723	-67.0062	50.3512
-166.19	-16.09	-221.64	-7.18302	-67.237	49.5103
-165.84	-15.77	-221.74	-5.77572	-67.6979	48.104
-165.42	-15.28	-221.91	-4.05465	-68.3162	46.4164
-164.96	-15.04	-221.91	-2.83699	-68.6252	45.23
-164.63	-14.54	-221.93	-1.0685	-69.1321	43.5896
-164.61	-14.16	-221.86	-4.46249	-68.5302	46.7803
-165.13	-14.12	-222.08	-3.84009	-68.6689	46.1567
-164.45	-13.48	-221.96	-6.17137	-68.1116	48.2186
-164.78	-13.51	-222.12	-4.79333	-68.5373	46.9548
-163.85	-12.84	-222.2	-8.18979	-67.3536	49.8513
-162.95	-12.52	-222.2	-8.12491	-67.6421	49.6798
-161.92	-12.3	-222.25	-8.2061	-67.8344	49.6574
-161.03	-11.9	-222.36	-8.24994	-68.0186	49.6529
-159.54	-10.73	-222.79	-8.45777	-68.2287	49.6056
-158.92	-10.16	-223.02	-8.77841	-68.2972	49.7823
-158.56	-9.59	-223.24	-8.21523	-68.5879	49.1101
-158.29	-9	-223.49	-7.91215	-68.6961	48.728
-157.85	-8.62	-223.76	-6.37986	-69.0931	47.2296
-157.56	-8.08	-223.96	-3.88735	-69.5998	44.7392
-157.42	-7.12	-224.16	1.25723	-70.4949	39.519
-156.82	-6.74	-224.25	4.62159	-71.1429	36.2338
-156.13	-6.41	-224.2	12.1548	-72.0634	28.8488
-155.64	-6.08	-224.2	16.8075	-72.4294	24.4533
-155.27	-5.51	-224.26	20.7446	-72.5423	20.9048
-154.73	-5.02	-224.38	23.4285	-72.6088	18.6566
-154.17	-4.56	-224.54	26.3644	-72.696	16.2779
-153.65	-3.97	-224.77	27.6226	-72.56	15.5738
-152.95	-3.46	-225.14	30.5286	-72.5376	13.2189
-152.26	-2.88	-225.58	33.1773	-72.4929	11.0482
-151.91	-2.06	-226.49	36.8493	-72.2274	7.89891
-151.31	-1.49	-226.94	37.6652	-72.2135	7.3297
-150.06	-1.21	-227.23	39.2472	-72.2855	5.93949
-149.79	-0.88	-227.52	40.3503	-72.2155	4.70714
-149.49	-0.45	-227.8	42.5491	-72.0191	2.76007
-149.1	-0.12	-228.12	43.4708	-71.8458	2.37679
-148.33	0.02	-228.03	45.2924	-71.8228	0.889283
-148.02	0.34	-228.65	45.6471	-71.5386	1.08746
-147.25	0.55	-229.01	47.8255	-71.5574	-0.689922
-146.67	0.87	-229.27	48.6848	-71.51	-1.19663
-145.79	1.24	-229.57	50.0348	-71.6566	-2.41321
-145.02	1.61	-229.94	50.6422	-71.7447	-2.99053
-144.5	1.94	-230.36	50.7235	-71.9543	-3.1692
-144.04	2.24	-231.01	50.0045	-72.2074	-2.42261
-143.82	2.31	-231.32	49.1639	-72.4455	-1.54362
-143.52	2.17	-231.46	46.0311	-72.9356	1.55606
-143.68	2.37	-231.33	47.3763	-72.8804	0.0926438
-144.04	2.55	-231.21	48.3407	-72.6644	-1.08568
-144.17	3.6	-230.6	58.4823	-69.4063	-11.0858
-143.91	4.52	-229.89	65.9628	-65.6508	-18.1658
-143.68	5.5	-229.65	70.3337	-62.4873	-22.3655
-143.41	6.31	-229.33	72.184	-60.8736	-24.2225
-143.13	7.15	-229.55	73.8214	-59.9881	-26.2389
-142.64	7.83	-229.97	73.849	-59.9746	-26.7401
-142.18	8.45	-230.31	74.2715	-59.9902	-27.5681
-141.89	9.07	-230.47	74.2071	-59.8515	-27.8893
-141.62	9.69	-230.64	75.4474	-58.8701	-29.4357
-141.69	10.1	-230.81	75.4783	-58.7048	-29.6281
-141.42	10.4	-230.88	76.4331	-57.983	-30.7322
-141.1	10.64	-231.09	77.5671	-57.2593	-32.0461
-140.94	10.9	-231.43	78.1348	-57.6142	-32.9619
-140.69	11.04	-231.58	78.1117	-58.4328	-33.4174
-140.18	11.22	-231.73	78.6387	-58.4447	-34.0804
-140.28	11.59	-232.33	78.6015	-58.0594	-33.9531
-139.81	11.74	-232.25	78.8313	-58.1495	-33.3381
-139.21	11.63	-232.16	78.8906	-58.2995	-32.0587
-138.59	11.41	-232.03	78.7973	-58.3546	-30.8218
-137.95	11.42	-231.81	79.0041	-57.9501	-30.098
-137.78	11.35	-232.22	79.4602	-56.747	-29.6323
-137.48	11.49	-232.01	79.4607	-56.4265	-29.1508
-137.01	11.47	-232.27	79.7136	-55.8973	-28.4979
-136.75	11.63	-232.44	80.0886	-55.4098	-28.8868
-136.41	11.9	-232.75	80.007	-55.2495	-29.0376
-135.86	12.06	-233.07	81.0602	-54.7954	-30.1697
-135.22	12.32	-233.42	81.7708	-54.4388	-30.9889
-134.81	12.93	-233.93	81.8421	-54.7475	-31.4235
-134.33	13.26	-234.29	81.8743	-54.6121	-31.6699
-133.37	13.67	-234.49	82.7566	-53.8503	-32.7758
-133.15	14.25	-234.85	82.8603	-53.4471	-33.1426
-132.69	14.9	-235.22	83.2887	-52.5901	-33.7827
-132.2	15.46	-235.54	84.1558	-51.6874	-34.8781
-131.85	16.46	-236.39	84.5086	-50.6567	-35.8016
-131.23	16.7	-236.48	84.8881	-50.2004	-36.3575
-130.52	17.29	-237.2	85.9285	-49.3375	-37.7701
-129.64	17.84	-237.88	86.5868	-48.767	-38.8833
-128.37	18.84	-238.92	87.1327	-48.0082	-40.3138
-127.43	19.5	-239.55	87.9528	-47.0884	-41.6025
-126.73	20.03	-240.53	88.2969	-46.8357	-42.2682
-126.19	20.02	-240.62	88.6305	-46.5827	-42.5414
-125.86	20.28	-240.91	88.8823	-46.4438	-42.9022
-125.66	20.74	-241.7	89.2855	-45.7955	-43.6555
-125.19	20.91	-242.26	89.6724	-45.7361	-44.2241
-124.22	21.12	-243.46	90.5582	-46.8468	-45.4666
-123.32	21.29	-244.01	90.7533	-47.1897	-46.0191
-121.59	21.71	-245.27	91.5541	-47.2289	-47.5133
-120.68	22.11	-246.08	91.7753	-47.5003	-48.1515
-119.91	22.53	-246.79	92.1798	-47.6322	-48.8369
-119.14	23.02	-247.61	92.7445	-47.8603	-49.6158
-118.34	23.4	-248.31	93.1979	-47.9127	-50.2819
-117.8	23.92	-248.7	93.5258	-47.9657	-50.9048
-117.5	24.41	-249.46	93.9775	-47.847	-51.547
-116.56	24.89	-249.53	94.3884	-47.7723	-52.2067
-116.17	25.28	-250	94.6555	-47.486	-52.7659
-115.93	25.63	-250.67	94.694	-47.0541	-53.1416
-115.33	26.05	-251.14	94.3306	-46.5103	-53.2828
-114.75	26.46	-252.01	94.6479	-45.7594	-53.8604
-114.02	26.82	-252.63	94.9796	-45.3678	-54.2612
-113.26	27.42	-253.18	95.5491	-45.1012	-55.102
-111.88	28.34	-253.8	96.1925	-45.328	-56.4022
-111.18	28.92	-254.44	96.6793	-45.1386	-57.2726
-110.35	29.34	-254.82	97.0807	-45.3753	-57.8756
-109.43	29.92	-255.51	98.18	-45.7051	-58.9472
-109.23	30.36	-255.85	98.0315	-45.4363	-59.0762
-109.08	30.59	-256.11	98.3376	-45.1156	-59.4464
-108.83	30.67	-256.26	98.3738	-45.4739	-59.5433
-109.11	30.4	-256.19	99.2628	-44.4472	-60.1331
-109.05	30.49	-256.29	98.3533	-45.6022	-59.4601
-108.93	30.47	-256.63	97.3042	-47.5637	-58.4907
-108.94	30.63	-257.33	98.8104	-45.1125	-58.9319
-109.25	30.66	-257.18	98.0712	-44.3312	-57.3718
-109.64	30.78	-257.14	98.0252	-43.5734	-56.7098
-109.98	30.55	-257.25	97.8038	-43.7045	-55.8686
-110.3	30.41	-257.16	97.8381	-43.6875	-55.3139
-110.51	30.38	-257.1	97.6343	-43.4471	-54.8702
-110.75	30.35	-257.06	97.3491	-43.5822	-54.1245
-110.99	30.38	-257.04	97.2222	-43.6518	-53.4017
-110.92	30.26	-256.84	97.2566	-43.4325	-53.1394
-111.2	30.26	-256.74	97.2931	-43.4343	-52.0636
-111.16	30.19	-256.85	97.2818	-43.2956	-51.5464
-109.65	30.74	-257.58	98.1762	-43.3201	-52.9229
-109.39	30.33	-257.81	98.2285	-44.1488	-52.3871
-109.79	29.57	-258.59	99.2719	-44.5213	-51.9794
-110.2	29.19	-258.59	99.3501	-44.8829	-51.3939
-109.88	29.35	-258.84	99.3637	-44.4297	-51.5539
-109.96	29.26	-258.73	99.4362	-44.5868	-51.5799
-110.02	29.23	-258.71	99.4245	-44.6842	-51.3346
-110.01	29.22	-258.74	99.4231	-44.6755	-51.2547
-109.97	29.29	-258.56	99.3593	-44.6468	-51.1204
-109.99	29.54	-258.32	99.25	-44.7555	-50.9658
-109.82	29.74	-258.26	99.2114	-44.6814	-51.0938
-108.49	30.33	-259.12	99.4819	-44.2368	-52.3294
-108.56	30.64	-259.68	99.3935	-44.1107	-52.3424
-108.36	30.31	-261.09	100.328	-43.8016	-52.9521
-108.35	30.13	-261.61	100.853	-43.5012	-53.35
-107.88	30.24	-262.02	101.113	-43.5439	-53.8893
-107.07	30.31	-262.25	101.407	-43.6548	-54.5715
-106.32	30.62	-262.38	101.683	-43.6566	-55.3453
-105.53	30.94	-262.54	102.693	-44.0534	-56.4711
-104.56	31.13	-262.11	103.487	-45.1322	-57.4419
-103.58	31.57	-262.15	104.104	-45.4588	-58.5532
-102.43	31.45	-263.8	105.412	-46.322	-60.0619
-101.95	31.57	-264.27	105.97	-46.224	-60.9154
-102.22	32.04	-265.07	105.518	-45.3081	-61.4955
-101.93	32.6	-265.23	104.744	-43.5481	-62.3445
-102.18	32.79	-266.16	104.436	-42.0647	-62.8506
-101.4	33.12	-266.25	104.15	-40.9782	-63.5596
-100.49	33.4	-266.09	104.015	-39.9121	-64.3446
-99.08	33.71	-265.92	104.155	-39.0862	-65.5568
-97.63	34.26	-265.62	104.204	-38.6938	-66.8022
-96.27	34.68	-266.15	104.685	-38.1398	-68.3054
-95.38	35.31	-266.43	104.803	-37.809	-69.3365
-95.15	35.66	-267	104.985	-37.7435	-69.9339
-95.37	35.93	-267.51	104.94	-37.3588	-70.1234
-95.93	36.2	-268.24	104.804	-37.5862	-70.1849
-96.05	36.5	-268.85	104.809	-36.9868	-70.5051
-95.39	36.3	-268.16	106.341	-33.228	-71.6991
-94.09	36.86	-269.15	104.844	-36.093	-71.7408
-93.29	37.37	-269.52	104.806	-35.6637	-72.2833
-93.44	37.63	-269.83	104.768	-35.4552	-72.5263
-91.4	38.4	-268.96	104.544	-34.9407	-73.5628
-89.82	39.16	-267.43	103.772	-33.9422	-73.9692
-88.56	39.32	-266.74	103.823	-33.5222	-74.3785
-87.42	39.27	-266.65	104.012	-33.4065	-74.8081
-87.05	39.4	-266.61	103.932	-33.1286	-75.0301
-88.09	39.44	-266.91	103.897	-33.5432	-74.6642
-86.97	39.99	-266.11	103.439	-32.3886	-75.0639
-86.27	40.31	-265.6	103.082	-31.56	-75.0589
-85.35	40.37	-265.11	102.776	-31.5885	-75.1313
-84.44	40.89	-264.58	102.056	-31.3271	-75.1488
-83.03	41.06	-263.9	101.93	-30.3466	-75.2831
-81.19	41.56	-262.95	101.599	-30.075	-75.5774
-80.41	41.77	-262.93	101.394	-29.5043	-75.7103
-79.95	42.09	-262.04	101.228	-29.036	-75.8487
-80.28	41.89	-262.33	101.721	-27.8923	-76.0324
-80.05	42.05	-262.33	101.316	-29.2416	-75.8476
-79.79	42.16	-262.23	101.28	-29.0184	-75.9565
-79.61	42.21	-262.1	101.333	-28.8252	-76.0711
-79.49	42.22	-262.08	101.309	-28.6984	-76.1156
-79.37	42.27	-261.99	101.231	-28.5317	-76.1522
-79.23	42.34	-261.93	101.145	-28.3505	-76.1668
-79.05	42.52	-261.99	101.198	-26.5082	-76.4305
-78.98	42.58	-262	100.83	-28.0223	-76.1949
-78.8	42.82	-262.03	100.66	-27.8124	-76.2487
-78.73	42.96	-262.13	100.513	-27.7291	-76.2578
-78.69	43.13	-262.26	100.35	-27.7057	-76.2652
-78.62	43.23	-262.26	100.279	-27.6104	-76.2786
-78.57	43.35	-262.28	100.208	-27.5346	-76.2756
-78.52	43.49	-262.27	100.117	-27.3597	-76.297
-78.2	44.04	-261.59	99.3311	-26.2303	-76.3875
-78.28	44.24	-261.65	99.0416	-26.1369	-76.33
-78.21	44.27	-261.62	98.9403	-26.0396	-76.3916
-78.3	44.32	-262.04	98.8831	-25.9153	-76.4264
-78.32	44.24	-261.96	99.0566	-26.0987	-76.3787
-78.31	44.32	-262.02	98.9723	-25.9943	-76.4086
-78.29	44.4	-262.04	98.9335	-25.944	-76.4505
-78.24	44.45	-262.12	98.9394	-25.8711	-76.5258
-78.22	44.57	-262.46	99.031	-25.8219	-76.6512
-78.2	44.62	-262.67	99.0337	-25.7134	-76.7461
-78.24	44.8	-262.84	98.9985	-25.4943	-76.901
-78.2	44.86	-262.93	99.099	-25.4649	-77.0448
-77.61	42.93	-263.28	102.694	-28.1226	-77.5111
-77.44	41.63	-263.75	104.649	-29.7386	-77.7081
-76.96	41.42	-263.17	104.626	-29.8257	-77.4756
-76.63	41.27	-263.19	104.755	-29.6248	-77.4692
-76.07	41.15	-263.06	104.709	-29.6155	-77.4505
-74.94	40.24	-263.74	105.671	-30.2914	-77.422
-74.12	39.81	-263.17	106.463	-30.5757	-77.2323
-72.73	39.39	-262.06	107.081	-31.0639	-77.2858
-71.98	39.5	-261.62	107.072	-31.0857	-77.3785
-71.12	39.62	-261.38	107.13	-31.1243	-77.5865
-69.52	40.33	-260.07	106.973	-31.227	-78.0001
-68.27	40.7	-259.83	106.455	-30.2248	-78.1968
-67.12	40.77	-260.14	106.575	-29.6147	-78.6799
-66.69	40.9	-260.64	106.534	-29.6958	-78.8727
-65.51	41.18	-260.66	106.241	-28.9008	-79.2776
-63.76	40.85	-261.94	106.311	-28.3711	-80.1153
-62.75	40.9	-261.99	106.436	-27.5942	-80.6386
-62.19	41.06	-260.58	106.554	-27.8085	-80.9036
-61.28	41.01	-261.2	106.7	-27.7905	-81.5893
-60.69	41.28	-260.54	106.849	-28.0454	-82.2455
-59.83	41.73	-259.74	106.831	-27.4576	-83.2666
-58.78	42.06	-260.19	107.072	-26.6753	-85.1938
-58.28	42.3	-260.65	107.198	-26.2291	-86.7815
-57.9	42.57	-261.43	107.193	-25.5252	-88.2899
-57.5	42.67	-262.29	107.565	-25.0498	-90.0424
-56.28	42.82	-262.43	107.983	-24.7077	-92.0999
-55.46	42.6	-263.62	108.373	-24.3275	-93.4291
-54.49	42.56	-264.07	108.862	-24.0915	-94.3272
-52.75	42.7	-263.14	109.557	-24.0039	-95.765
-52.15	42.48	-263.69	109.798	-24.004	-96.2284
-49.84	42.86	-261.88	109.837	-23.2671	-97.4712
-48.61	43.05	-261.51	109.884	-22.7569	-98.2345
-47.69	43.23	-261.89	110.833	-22.7653	-100.573
-46.77	42.94	-262.73	112.665	-23.1561	-103.586
-46.34	42.83	-263.35	113.525	-23.4166	-105.161
-46.01	42.79	-263.94	114.201	-23.4634	-106.412
-44.87	42.44	-263.9	115.521	-23.8411	-107.963
-44.15	42.29	-264.48	116.251	-23.8673	-108.868
-43.42	42.27	-264.7	117.009	-24.031	-109.701
-42.94	42.19	-265.16	118.072	-24.5099	-110.648
-42.49	42.16	-265.25	119.278	-25.0956	-111.609
-42.34	42.12	-265.34	119.666	-25.0187	-112.216
-42.2	42.43	-265.46	117.877	-23.2548	-112.703
-42.56	42.87	-265.82	115.745	-20.8945	-113.275
-42.75	43	-266.11	114.106	-18.6988	-114.116
-43.05	43	-266.58	113.059	-17.1166	-115.024
-43.12	43.01	-267.02	112.936	-16.5971	-116.1
-43.49	42.92	-267.48	113.166	-16.4383	-116.889
-44.35	43.18	-268.48	113.28	-16.5906	-117.576
-45.29	43.83	-269.95	113.666	-16.9813	-118.8
-45.87	44.03	-270.49	113.795	-17.3064	-118.968
-46.92	44.31	-271.92	115.001	-18.5536	-119.724
-47.21	44.46	-272.47	114.98	-18.4109	-119.867
-47.61	44.45	-273.06	116.284	-19.4316	-120.643
-47.15	44.77	-273.02	116.112	-18.3645	-120.45
-47.54	44.66	-273.48	117.037	-18.8101	-120.895
-47.6	44.61	-273.48	117.283	-18.8061	-121.091
-48.44	44.55	-274.33	117.918	-19.4596	-121.422
-48.81	44.49	-274.6	118.29	-19.92	-121.883
-48.24	44.54	-274.37	118.741	-20.2674	-122.574
-46.94	44.36	-273.93	119.239	-20.4716	-123.461
-45.97	44.21	-274.05	120.545	-20.6853	-125.068
-45.99	44.14	-275.56	123.758	-21.7594	-128.095
-45.89	43.89	-276.27	124.982	-21.7317	-129.428
-44.63	43.51	-275.63	124.106	-20.7072	-129.733
-44.97	43.7	-276.5	124.268	-20.7159	-130.506
-43.58	43.93	-277.14	122.056	-18.1375	-132.449
-43.61	47.94	-269.81	65.9546	32.9097	-123.318
-44.35	47.8	-268.52	76.3189	22.7494	-115.429
-44.38	47.59	-267.41	81.884	15.8211	-111.035
-43.58	47.15	-266.49	85.3287	11.049	-108.976
-42.51	46.63	-265.81	87.288	8.56226	-108.565
-39.61	45.73	-264.32	89.6406	5.92106	-109.035
-37.07	45.06	-263.51	91.0778	4.73235	-109.79
-34.62	44.37	-262.97	92.3104	3.92231	-110.638
-32.91	44.2	-262.42	92.7781	3.75771	-111.233
-31.78	44.24	-261.74	92.9257	3.63845	-111.564
-30.59	44.15	-261.19	93.6034	3.22518	-112.194
-29.16	44	-260.6	94.4095	2.5744	-112.937
-27.76	43.82	-259.95	94.844	2.49146	-113.653
-26.38	43.65	-259.52	95.0626	2.58154	-114.315
-24.96	43.43	-258.99	95.571	2.36734	-115.059
-23.73	43.15	-258.6	95.6352	2.96398	-115.709
-22.73	42.87	-258.48	95.8557	3.10125	-116.195
-22.6	42.88	-258.73	95.8023	3.32709	-116.243
-22.32	42.83	-258.82	95.9441	3.38326	-116.53
-21.71	42.34	-258.95	96.8436	2.73992	-117.137
-21.51	42.32	-259.22	95.7359	3.72556	-117.593
-21.4	42.56	-258.83	93.8983	5.36182	-118.09
-20.81	42.84	-258.43	87.8826	11.0795	-119.63
-20.54	43.15	-257.99	82.2429	16.2596	-121.684
-20.28	43.18	-257.79	76.0098	22.3042	-124.304
-19.74	43.32	-257.2	70.9461	26.4569	-126.623
-18.31	43.08	-256.37	61.1825	33.6466	-132.066
-16.95	42.85	-255.7	53.2863	38.2075	-137.051
-15.51	42.54	-254.82	42.9328	42.8948	-144.064
-13.72	42.21	-253.63	30.6379	46.1371	-152.752
-13.22	42.03	-253.49	24.6569	47.1006	-157.198
-12.23	41.77	-253.07	10.002	48.0632	-167.924
-11.66	41.81	-252.83	-5.17061	47.1503	-178.202
-11.19	41.79	-252.82	-16.9074	44.8293	174.635
-10.97	41.75	-252.88	-21.754	43.3606	172.152
-10.57	41.79	-252.65	-24.3404	42.5053	170.824
-10.35	41.73	-252.36	-25.3588	42.2115	170.45
-9.95	41.79	-251.8	-26.2165	42.0732	170.129
-9.29	41.69	-250.95	-26.5758	42.0087	169.926
-8.39	41.24	-249.77	-29.2297	41.502	168.06
-7.86	41.05	-249.01	-30.7856	41.0053	167.07
-7.55	40.9	-248.66	-34.1046	40.0516	165.061
-7.55	40.63	-248.68	-36.0716	39.5384	163.953
-7.71	41.38	-248.48	-33.6421	41.3239	166.661
-8.31	42.02	-248.6	-30.0321	43.3816	170.092
-8.5	42.36	-248.55	-29.0749	44.0084	171.287
-8.56	42.92	-248.3	-26.0096	45.0666	174.264
-8.54	42.99	-248.3	-25.0249	45.3193	175.205
-8.32	42.93	-248.24	-25.8077	45.3365	174.74
-7.91	42.85	-247.83	-26.4681	45.3883	174.522
-7.53	43.18	-247.07	-25.128	45.9665	176.201
-7.08	43.34	-246.29	-23.8972	46.5044	177.665
-6.65	43.49	-245.38	-23.5332	47.0025	178.48
-6	44	-244.3	-23.1072	47.6758	-179.852
-5.63	44.52	-243.64	-21.1331	48.2915	-177.2
-5.23	44.69	-243.17	-20.7178	48.4061	-176.395
-4.75	44.69	-242.5	-20.6308	48.463	-176.25
-4.11	44.55	-241.93	-21.342	48.233	-176.783
-3.52	44.45	-241.42	-22.8081	47.727	-177.798
-2.95	44.12	-241.01	-24.4829	46.9055	-179.409
-2.59	43.54	-241.01	-27.6867	45.4245	177.754
-1.93	43.09	-240.79	-30.1878	44.1028	175.927
-1.44	42.79	-240.67	-32.2739	42.8887	174.679
-0.97	42.47	-240.4	-33.5926	42.1178	173.818
-0.48	42.24	-239.87	-34.5923	41.5147	173.222
1.57	42.33	-238.54	-37.9766	39.5509	171.867
2.17	42.1	-238.04	-38.8999	38.9659	171.324
4.07	42.41	-236.88	-40.8768	37.5333	171.092
4.43	42.45	-236.34	-41.0039	37.5281	171.022
5.14	42.23	-235.53	-41.669	37.2697	170.498
5.6	42.07	-235.14	-41.7142	37.2128	170.337
5.98	42	-234.71	-42.2838	37.1619	169.944
6.44	41.85	-234.3	-41.8276	37.2366	170.247
7	41.72	-233.68	-41.6968	37.205	170.205
8.01	41.44	-233.14	-43.7641	35.8999	169.255
9.57	41.41	-232.45	-46.1481	33.6493	168.934
10.2	41.24	-232.14	-47.3937	32.7618	168.519
10.76	41.17	-231.65	-48.054	32.3638	168.251
11.36	41.12	-231.01	-47.8732	32.4235	168.283
12.11	41.09	-230.22	-47.8746	32.4665	168.159
12.95	40.9	-229.45	-47.8744	32.3906	167.949
14.07	40.82	-228.33	-49.3632	32.0028	166.871
14.64	40.59	-227.65	-49.436	31.8289	166.528
15.39	40.33	-226.93	-49.6331	31.5873	166.15
19.22	39.41	-222.85	-49.3292	32.275	164.98
20.24	39.1	-221.62	-49.4952	32.6209	164.363
21.18	38.83	-220.48	-49.3616	32.9149	164.004
21.66	38.62	-219.78	-49.276	33.2033	163.763
21.83	38.48	-219.4	-48.7546	33.7142	163.647
22.03	38.36	-218.75	-48.4489	34.4952	162.975
22.07	38.31	-218.54	-48.2261	35.037	162.561
22.34	38.26	-217.93	-47.933	35.5362	162.169
22.87	38.09	-217.33	-47.8131	35.8163	161.844
23.3	37.91	-216.73	-47.5896	36.2602	161.547
23.7	37.75	-216.05	-47.5659	36.7138	161.063
23.94	37.65	-215.68	-47.5799	36.8657	160.853
24.27	37.57	-215.28	-48.0363	36.6928	160.351
24.99	37.33	-214.86	-50.6084	34.2927	158.464
25.8	37.01	-214.7	-53.4569	31.3854	157.068
26.63	36.75	-214.65	-55.821	28.3562	156.303
27.34	36.74	-214.14	-56.3598	27.4315	156.281
27.79	36.85	-213.84	-55.5229	27.9546	156.926
28.28	37.23	-212.97	-54.1121	29.9763	157.731
28.71	37.23	-212.23	-53.5695	31.1717	157.5
29.22	37.3	-211.48	-53.1331	32.1042	157.341
29.53	37.31	-210.9	-52.3993	32.991	157.512
29.76	37.23	-210.74	-52.4866	33.0116	157.507
29.81	37.21	-210.74	-53.1769	32.221	157.327
30.17	36.99	-210.7	-54.5919	30.6552	156.838
30.2	36.92	-210.66	-54.9293	30.3885	156.65
29.69	37.03	-210.13	-53.6486	33.2013	154.871
29.38	36.97	-209.73	-52.5296	34.8331	154.095
28.31	36.83	-208.89	-50.2881	38.2857	152.794
27.94	36.74	-208.78	-49.5773	39.1802	152.585
27.72	36.82	-208.73	-49.2671	39.5637	152.842
27.7	36.89	-208.88	-48.8211	39.9083	153.274
27.71	36.98	-208.94	-48.6133	40.1583	153.477
28.01	36.91	-208.81	-48.1273	40.6854	153.599
28.2	36.94	-208.74	-47.6609	41.0394	153.698
28.28	36.76	-208.35	-47.0589	42.1287	153.027
28.29	36.73	-208.33	-46.7643	42.4993	152.952
28.21	36.78	-208.55	-45.7406	43.1165	153.659
28.02	36.85	-208.83	-45.107	43.5446	154.45
27.95	36.96	-209.17	-47.1743	41.7272	154.235
27.63	36.97	-209.4	-48.5939	40.3775	153.823
27.54	37.11	-209.99	-49.6965	38.9196	154.021
27.3	37.26	-210.2	-49.1787	39.124	154.673
27.16	37.22	-210.14	-48.8781	39.3081	154.763
27.18	37.16	-210.2	-49.2627	38.9828	154.1
27.25	37.33	-209.85	-49.127	38.9176	153.692
27.29	36.82	-209.45	-53.4059	35.2621	148.955
27.5	36.44	-209.23	-55.8995	32.5075	146.376
27.72	36.17	-209.05	-58.1809	29.7312	144.185
28.06	35.87	-208.82	-60.7181	26.1005	141.482
28.33	35.45	-208.67	-62.6147	22.8663	139.57
28.9	35.42	-208.25	-64.2061	20.7178	138.93
29.34	35.46	-207.95	-64.7126	20.1378	138.931
30.02	35.53	-207.38	-64.661	20.333	139.033
31.05	35.69	-206.43	-64.948	20.5057	139.043
32.26	35.76	-205.38	-65.0423	20.8799	138.876
33.45	35.83	-204.25	-64.8498	21.5978	138.783
34.78	36.01	-202.93	-64.9835	22.2861	138.584
35.98	36.24	-201.73	-64.775	23.2278	138.612
36.56	36.36	-200.96	-64.8947	23.4757	138.478
36.71	36.44	-200.65	-64.9423	23.5126	138.434
36.46	36.38	-200.58	-65.3111	22.9698	138.208
36.14	36.14	-200.69	-65.9314	21.9503	137.751
35.26	35.9	-201.29	-66.2809	21.0719	137.598
35.11	35.69	-201.59	-66.2662	20.8558	137.695
35.34	35.77	-201.3	-66.2536	21.0262	137.612
34.25	35.54	-201.94	-66.9651	19.6232	137.29
32.62	34.41	-203.27	-70.3931	14.1571	135.118
32.56	34.38	-203.31	-70.4428	13.8878	135.074
32.35	34.26	-203.39	-70.6226	13.4601	134.929
31.92	34.42	-203.5	-70.3638	13.6976	135.124
31.81	34.32	-203.75	-70.4166	13.6004	135.1
31.78	34.54	-203.8	-70.1425	14.1468	135.329
31.75	34.63	-203.97	-69.8155	14.6427	135.6
31.66	34.69	-204.02	-69.5815	15.0251	135.798
31.63	34.74	-204.07	-69.3102	15.331	135.934
31.64	34.79	-204.07	-69.2429	15.4811	136.059
31.55	34.86	-204.08	-68.4695	16.1878	136.329
31.4	34.89	-204.22	-68.9992	15.6183	136.29
31.36	34.75	-204.29	-69.4711	14.8784	136.062
31.36	34.7	-204.41	-69.5424	14.759	135.947
31.27	34.74	-204.33	-70.7285	13.5951	135.528
31.29	34.43	-204.49	-70.493	13.3529	135.267
31.31	34.38	-204.46	-70.4366	13.4058	135.176
31.53	34.5	-204.34	-70.1353	14.0164	135.368
31.73	34.77	-204.18	-69.3187	15.3252	135.906
32.25	35.19	-203.76	-67.7407	17.6616	137.025
32.81	35.37	-203.31	-67.1825	18.6145	137.402
34.24	35.58	-202	-66.7775	19.7969	137.402
35.37	35.78	-201	-66.8722	20.2995	137.171
37.03	35.67	-199.41	-67.8457	19.7989	136.019
38.05	35.64	-198.44	-68.2128	19.7543	135.476
38.87	35.67	-197.61	-68.4292	19.939	135.12
39.91	35.75	-196.67	-68.5129	20.4028	134.779
41.11	35.74	-195.51	-68.7862	20.637	134.27
42.56	35.79	-194.07	-69.0755	21.0372	133.645
44.42	35.6	-192.2	-70.1611	20.4182	132.383
46.14	35.63	-190.63	-70.7735	20.3679	131.647
46.85	35.64	-189.94	-70.9979	20.3278	131.378
47.36	35.64	-189.4	-70.8778	20.6698	131.251
48.33	35.72	-188.48	-70.8342	21.3023	131.008
49.13	35.71	-187.72	-71.1851	21.1107	130.552
49.78	35.29	-187.21	-72.4969	18.8904	129.299
49.84	35.21	-186.89	-73.2154	17.5261	128.731
50.01	35.16	-186.79	-73.4325	17.0963	128.411
50.34	34.96	-186.68	-74.0095	16.1	128.008
50.84	34.94	-186.09	-74.4851	15.4352	127.454
51.41	34.75	-185.55	-75.3496	13.9567	126.685
52.36	34.33	-184.89	-77.304	9.91758	125.216
52.67	34.06	-184.69	-78.1993	7.58421	124.372
52.92	33.94	-184	-78.7433	6.1635	123.648
53.42	33.86	-183.87	-79.2504	5.17254	123.085
53.63	33.94	-183.44	-79.4485	5.02613	122.699
53.52	34.09	-183.12	-79.6914	5.35485	122.387
53.29	34.23	-183.19	-79.4116	7.59646	122.532
53.11	34.96	-182.99	-75.7189	18.4952	124.425
53	35.83	-182.23	-72.1753	27.3998	127.294
53.6	35.8	-182.28	-71.0994	29.8906	128.478
53.86	35.77	-182.4	-71.1793	30.0333	128.545
54.22	35.81	-182.19	-71.1835	30.3783	128.659
54.63	35.89	-182.02	-70.4258	31.5976	129.137
55.18	35.98	-181.66	-70.4723	31.9184	129.219
55.8	36.13	-181.1	-70.0604	32.8883	129.342
56.19	36.06	-181.12	-70.3873	32.7036	129.181
56.54	36.23	-180.7	-70.1368	33.3113	129.254
57.31	36.17	-180.36	-69.5821	34.3817	129.591
57.96	36.36	-179.64	-68.4409	36.3124	130.279
58.59	36.29	-179.23	-67.1015	37.9651	131.146
58.62	36.24	-178.91	-67.1532	38.1952	131.075
59.01	36.26	-178.58	-66.8456	38.7837	131.355
59.9	36.22	-178.21	-66.4931	39.5206	131.68
60.37	36.27	-177.36	-66.3424	40.3611	131.452
61.13	36.17	-176.89	-66.841	40.4881	130.727
62.73	36.21	-176.39	-66.8135	41.095	130.289
63.48	36.07	-175.61	-68.2178	40.0633	128.693
64.32	35.96	-175.15	-68.5266	40.0131	127.809
65.21	35.93	-174.61	-69.9882	38.8104	126.458
66.06	35.92	-173.96	-70.608	38.5291	125.666
66.82	35.92	-173.3	-71.1776	38.2456	124.889
67.42	35.85	-173.42	-71.0541	38.4275	124.809
68.18	35.86	-172.78	-71.8798	37.8274	124.07
69.33	35.71	-171.73	-72.6084	37.5679	123.359
70.13	35.62	-171.11	-72.4667	38.1527	123.251
70.98	35.62	-170.45	-73.3924	37.5062	122.506
71.4	35.71	-169.96	-74.6906	36.2085	121.657
72.6	35.65	-169.6	-75.6284	35.4639	120.985
73.59	35.77	-169.09	-76.0424	35.466	120.581
74.52	35.73	-168.72	-76.5354	35.2267	120.161
75.65	35.74	-168.78	-76.8256	35.1627	119.987
76.36	35.79	-168.44	-77.765	34.2134	119.325
77.35	35.78	-168.39	-77.1039	35.5192	119.681
78.55	35.85	-167.6	-78.284	34.2798	118.412
79.38	35.77	-166.95	-78.2024	34.2983	117.936
80.14	35.58	-166.28	-79.1681	32.454	116.794
81.28	35.74	-165.34	-81.6738	27.4993	114.552
82.26	35.68	-164.9	-82.1578	26.5138	113.97
82.88	35.53	-164.75	-81.3218	28.0975	114.28
83.95	35.5	-164.19	-81.8346	27.4417	113.773
86.29	35.51	-164.28	-81.5869	28.6831	113.777
87.13	35.45	-163.48	-82.0785	28.205	113.152
88.25	35.44	-164.04	-81.729	28.937	113.396
94.39	34.46	-160.12	-86.5183	19.0141	108.353
94.2	34.42	-160.13	-86.0085	21.2708	108.856
94.6	34.58	-160.32	-86.2483	22.1402	109.566
94.95	34.75	-160.83	-85.6537	25.6559	111.19
94.83	34.83	-160.94	-85.3985	27.123	112.243
94.83	35.02	-161.37	-84.1942	30.2456	113.806
95.01	35.15	-161.75	-83.407	31.9819	114.71
94.83	35.15	-161.74	-83.2879	32.177	114.914
94.59	35.11	-161.71	-83.0611	32.4022	115.084
94.58	35.02	-161.86	-82.9466	31.7644	115.039
94.44	34.97	-161.84	-82.5663	31.6621	114.761
94.28	34.88	-161.57	-82.7021	30.9432	114.376
94.24	34.77	-161.42	-82.6287	30.1385	113.924
94.84	34.54	-161.47	-82.3305	29.0804	113.486
95.02	34.4	-161.09	-83.1167	26.7257	112.561
95.67	34.42	-161.21	-82.9056	26.9759	112.52
96.4	34.37	-161.15	-83.1153	26.4148	112.348
97.11	34.32	-161.02	-83.1724	26.4454	112.163
97.6	34.26	-160.52	-83.8607	25.2018	111.581
98.46	34.28	-160.64	-83.9475	25.23	111.492
98.86	34.18	-160.27	-83.9584	25.5211	111.349
100.1	34.05	-160.02	-84.2489	25.2823	111.051
100.72	33.98	-159.45	-84.8044	24.6625	110.557
102.12	33.99	-159.27	-85.033	24.9827	110.359
102.39	33.91	-158.48	-85.5764	24.4233	109.863
102.63	33.83	-158.17	-85.8042	24.1117	109.654
103.74	33.9	-157.88	-85.889	24.9356	109.41
104.42	33.91	-157.36	-86.4816	24.404	108.961
105.13	33.87	-156.79	-86.9868	24.2317	108.471
115.71	33.86	-153.31	-90.5166	25.9181	105.945
117.22	33.92	-153.02	-90.6705	25.8682	105.795
118.19	33.75	-152.56	-91.0852	24.4755	105.363
119.34	33.67	-152.57	-91.1583	24.1096	105.275
120.95	33.37	-152.09	-91.2724	23.205	105.011
121.78	33.31	-152.05	-91.3573	22.5891	104.926
122.58	33.2	-151.75	-91.7426	21.647	104.681
123.81	33.13	-151.6	-91.7987	21.8451	104.596
125.17	32.97	-151.07	-92.2171	21.0923	104.271
126.73	32.74	-150.33	-92.891	19.6764	103.842
128.54	32.66	-150.01	-93.1754	19.7061	103.734
131.89	32.5	-149.27	-94.2936	18.6838	103.157
133.16	32.41	-149.01	-94.6442	18.7209	102.954
135.3	32.16	-148.49	-95.3771	18.1121	102.381
136.13	31.97	-147.99	-95.7663	17.5778	102.093
137.92	31.64	-147.1	-96.4531	16.6795	101.49
139.68	31.37	-146.36	-97.076	16.2744	101.008
141.34	31.12	-145.51	-97.8133	15.2924	100.565
142.84	30.89	-144.6	-98.4313	14.5542	100.246
144.16	30.67	-143.72	-99.0411	13.8923	99.9614
145.36	30.44	-142.68	-99.5722	13.0178	99.8716
146.36	30.31	-142.14	-99.8141	12.609	99.853
147.77	30.35	-142.21	-99.8011	13.3528	99.9318
148.47	30.24	-141.79	-99.9028	13.864	99.824
149.2	30.18	-141.9	-100.04	14.3572	99.6828
150.99	30	-141.95	-100.387	15.1483	99.2931
151.99	29.86	-141.72	-100.586	15.3316	99.0893
152.93	29.74	-141.74	-100.726	15.5662	98.8239
158.52	29.01	-138.95	-102.096	18.2942	97.9311
159.75	28.94	-138.88	-102.362	18.9344	97.5643
160.89	28.82	-138.85	-102.721	18.8701	97.1734
161.97	28.72	-138.97	-103.112	18.8058	96.8302
163.03	28.61	-138.98	-103.53	19.3738	96.7134
164.61	28.51	-139.21	-104.476	20.8343	96.7888
165.69	28.43	-139.26	-105.136	21.8686	96.941
167.15	28.2	-138.51	-105.764	22.7859	97.0584
168.14	28.04	-138.43	-106.088	23.3831	96.9594
169.21	28.02	-138.16	-106.503	24.7366	96.6624
170.03	27.9	-138.17	-106.96	24.657	96.3921
171.04	27.77	-138.2	-107.427	25.2458	96.0434
172.16	27.61	-138.15	-107.751	26.9359	95.6272
173.33	27.44	-137.91	-108.089	26.8632	95.3082
174.31	27.34	-137.54	-108.35	27.8768	95.0955
175.29	27.17	-137.52	-108.527	30.2933	94.8529
176.8	26.89	-137.27	-109.17	29.1324	94.3308
178.07	26.53	-137.34	-109.451	29.6752	93.8708
178.69	26.45	-137.04	-109.431	29.8916	93.8165
180.68	26.04	-136.61	-109.631	30.7427	93.6786
181.97	25.77	-136.49	-109.73	31.3784	93.486
183.3	25.68	-136.08	-109.72	30.6418	93.2655
184.58	25.49	-135.49	-109.91	29.6558	93.1457
185.27	25.39	-135.33	-110.023	28.74	92.9887
186.88	25.25	-134.73	-109.749	31.2176	92.896
188.16	25.19	-134.46	-109.289	30.6843	92.7234
190.33	25.12	-133.44	-108.556	28.8076	92.969
191.77	25.01	-132.87	-108.142	28.2462	93.0338
194.12	25.32	-131.54	-107.181	25.5822	92.9292
196.91	25.11	-128.3	-106.83	23.6131	91.9722
171.55	-2.91	-308.53	-92.3882	-29.3133	58.7729
170.15	-3.71	-311.04	-91.7261	-28.2744	56.331
167.57	-3.84	-314.9	-95.0627	-22.2154	55.9731
168.54	-4.1	-315.91	-92.0948	-25.129	54.7816
173.98	-7.45	-315.73	-92.3107	-23.6356	57.5842
176.94	-9.15	-316.79	-92.2478	-23.6709	58.4581
181.04	-10.89	-317.03	-90.2094	-27.1634	59.0295
176.13	-24.1	-334.72	-97.6717	-11.4746	54.5664
173.67	-27.15	-339.16	-104.431	0.525109	54.8537
162.13	-35.35	-356.08	-100.123	-1.64415	59.3256
147.59	-42.03	-369.52	-92.523	-9.87959	62.3703
135.88	-57.18	-383.93	-87.0247	-16.2121	70.9723
113.72	-73.84	-397.04	-82.0639	-27.476	76.6392
102.37	-79.6	-372.52	-77.4367	-27.1727	71.1381
104.34	-77.26	-345.2	-79.212	-17.4336	67.1967
115.42	-73.59	-303.43	-79.0822	-16.7797	65.5734
100.6	-76.33	-311.23	-76.8884	-24.0837	66.4725
97.34	-78.69	-306.88	-76.2372	-25.4108	66.3509
95.21	-76.81	-302.31	-77.0233	-24.5532	67.9888
93.6	-76.65	-299.87	-76.9187	-26.0914	68.5066
91.01	-75.3	-300	-77.1592	-26.3867	68.971
88.09	-74.11	-300.38	-77.5594	-27.3455	70.1066
82.08	-72.5	-300.38	-77.2205	-28.7683	70.3991
78.95	-72.13	-299.56	-77.9109	-28.0351	71.1108
74.27	-70.84	-301.15	-80.0632	-29.1916	75.4767
72.99	-71.11	-300.4	-80.9094	-28.9955	77.2785
76.38	-71.9	-302.75	-81.8514	-28.5241	80.0789
76.51	-72.19	-302.27	-81.8284	-28.2228	80.9313
75.56	-72.3	-301.4	-81.5071	-28.8944	81.0648
74.56	-72.16	-300.17	-81.4892	-27.3692	81.1856
74.54	-72.31	-298.74	-80.7978	-26.0504	80.8361
74.7	-71.64	-297.45	-79.6874	-23.5746	80.1329
78.85	-72.43	-299.61	-80.0499	-21.9916	81.2327
78.38	-70.59	-295.36	-78.1035	-17.6279	80.2322
81.8	-70.06	-296.09	-77.2073	-16.5509	80.1091
86.62	-69.49	-297.44	-76.7789	-14.6055	80.1386
91.74	-69	-299.08	-77.0959	-12.4247	79.7057
100.64	-68.28	-303.11	-78.0428	-8.80788	77.7546
105.9	-67.95	-304.76	-78.0511	-10.3613	77.3758
113.33	-66.48	-306.92	-79.4667	-7.7006	75.2687
127.19	-62.94	-311.15	-81.5022	-6.68054	71.6524
126.99	-62.79	-314.33	-82.9078	-5.63845	67.4859
130.15	-62.64	-315.46	-83.7859	-3.96261	68.3
123.97	-62.02	-314.04	-84.2669	-3.42413	64.4527
123.23	-61.7	-309.83	-84.5962	-3.72557	66.8801
117.88	-61.63	-307.96	-82.2794	-8.41925	67.5541
109.37	-61.81	-306.02	-80.4671	-12.3513	67.9706
102.7	-62.49	-304.81	-80.6047	-13.9331	68.9174
99.59	-62.87	-304.39	-80.0694	-15.5958	68.8608
99.45	-63.23	-303.93	-80.8968	-13.983	69.6168
99.39	-64.58	-303.01	-79.7081	-18.3459	69.6505
100.28	-65.35	-302.31	-80.2036	-18.4944	70.5063
101.05	-66.39	-301.37	-80.5197	-18.9572	71.0999
102.46	-65.7	-302.41	-80.3606	-18.5957	71.9306
101.9	-66.01	-301.62	-80.3573	-19.2609	71.5736
101.74	-66.05	-301.28	-80.3291	-19.4825	71.6665
101.27	-65.84	-301.17	-80.2288	-19.657	71.5759
100.29	-65.42	-301.07	-80.2385	-19.3233	71.3085
99.15	-64.85	-301.09	-80.1997	-19.0603	70.9657
97.25	-63	-302.56	-79.1546	-21.9711	70.6998
97.66	-63.34	-301.67	-81.1311	-18.5308	72.2671
97.84	-63.65	-301.66	-81.711	-18.1594	72.8868
97.05	-64.03	-301.53	-81.8559	-18.3814	72.9137
96.89	-64.62	-301.49	-81.3489	-20.5294	72.9795
95.81	-65.36	-301.22	-81.6443	-20.996	73.101
94.25	-65.3	-300.65	-81.711	-21.2805	73.0445
93.4	-65.17	-300.71	-81.6993	-21.5858	73.3822
91.28	-64.34	-300.21	-83.5373	-18.0661	74.5572
90.71	-63.31	-300.17	-83.5157	-17.8407	74.6929
90.66	-63.5	-300.89	-83.3534	-18.4522	74.6656
90.17	-63.65	-299.91	-83.0943	-19.2338	74.2694
89.32	-62.86	-299.92	-83.8814	-16.6292	74.9592
89.43	-61.64	-300.81	-83.0816	-19.5616	75.3485
89.52	-62.3	-300.48	-83.4125	-19.3072	75.528
88.86	-62.66	-300.15	-83.3273	-20.0071	75.1695
88.74	-63.06	-300.03	-83.5463	-20.056	75.2813
87.65	-64.31	-299.98	-84.0353	-21.2282	75.9172
87.1	-64.12	-300.55	-84.1552	-21.6797	76.4124
86.52	-63.94	-301	-84.225	-21.6682	76.5799
85.58	-63.31	-301.49	-84.3701	-20.8045	76.7053
84.52	-62.84	-301.52	-84.5231	-21.0503	77.1454
81.82	-61.81	-300.41	-84.437	-22.9385	78.3194
80.2	-61.46	-299.56	-85.1914	-23.2397	80.4252
78.69	-61.4	-298.52	-85.789	-24.7658	82.5848
76.9	-61	-296.19	-86.4299	-24.4196	84.3572
75.34	-61.31	-296.28	-86.9397	-24.4768	85.1473
74.74	-61.26	-296.89	-87.607	-24.3985	85.8524
73.26	-61.14	-296.36	-88.6859	-24.9598	87.5902
71.7	-61.02	-298.17	-89.3149	-24.1023	88.9865
70.88	-60.75	-298.2	-89.3984	-24.1513	89.215
70.56	-60.43	-297.99	-89.1894	-25.2112	89.2374
70.12	-60.66	-299.23	-89.0733	-24.7386	88.9579
70.37	-60.71	-298.22	-89.2452	-24.6709	89.043
69.98	-60.73	-298.77	-89.1864	-24.6515	88.9072
69.71	-60.82	-299.09	-89.1829	-24.7746	88.8173
69.63	-60.96	-299.27	-89.2648	-24.7869	88.8704
69.53	-60.91	-298.71	-89.3584	-24.8875	89.0604
69.46	-60.86	-298.51	-89.4276	-24.936	89.2162
69.25	-60.71	-298.25	-89.4429	-24.824	89.3083
68.43	-60.26	-297.56	-89.2592	-24.6759	89.1341
67.84	-59.98	-297.13	-89.0984	-24.435	88.8959
67.26	-59.78	-296.81	-88.9591	-24.2491	88.5924
66.8	-59.64	-296.68	-88.8641	-23.8881	88.313
66.56	-59.6	-296.96	-88.788	-23.2422	88.1184
66.33	-59.5	-297.38	-88.6713	-22.6795	88.0092
62.62	-59.26	-297.75	-86.8727	-22.4073	87.4578
61.6	-59.37	-298.55	-86.0614	-21.3834	87.0621
60.95	-59.54	-299.08	-85.0947	-21.7418	86.9841
61.43	-59.13	-299.88	-84.7682	-20.8634	87.3272
58.61	-58.94	-299.26	-82.7184	-22.1422	87.2805
56.47	-58.29	-298.82	-80.4306	-22.2266	87.5711
54.53	-57.1	-298.87	-76.7887	-23.4027	87.9176
51.96	-55.96	-297.49	-73.1116	-23.5489	89.0992
45.83	-54.19	-296.28	-65.6534	-24.8977	92.4504
42.2	-52.91	-295.94	-61.4955	-27.1771	94.3019
39.88	-52.99	-297.56	-60.422	-29.2965	97.8294
39.88	-54.55	-300.94	-60.3786	-30.8069	99.1672
37.58	-52.85	-299.45	-59.7714	-31.7926	101.805
37.84	-52.89	-300.33	-59.9337	-31.252	102.72
39.28	-54.11	-302.25	-60.7135	-31.6928	102.509
42.9	-55.43	-306.49	-62.8713	-30.8693	103.201
41.63	-54.66	-305.32	-62.4018	-29.6523	103.618
39.31	-52.53	-302.72	-61.6269	-28.4692	104.542
39.76	-54.4	-305.02	-61.7787	-30.2529	105.243
39.09	-54.35	-307.3	-62.1929	-31.3495	105.956
38.68	-53.35	-307.8	-62.7027	-31.7645	106.256
37.79	-52.28	-308.12	-62.9762	-31.7126	106.76
37.94	-54.14	-309.15	-62.7504	-31.6061	107.903
37.01	-52.87	-310.19	-62.9688	-31.3779	108.101
37.18	-53.01	-309.61	-63.2479	-32.18	108.817
37.65	-53.73	-309.22	-63.3341	-32.7735	109.351
39.24	-53.69	-306.29	-63.0507	-32.4402	109.69
38.5	-53.97	-307.26	-62.8498	-31.992	109.189
39.17	-54.2	-306.94	-62.6033	-31.6887	109.339
40.36	-57.41	-307.42	-62.4108	-34.1743	108.474
39.61	-56.93	-309.06	-62.8057	-35.3768	108.16
38.4	-59.03	-314.58	-62.3521	-36.6813	106.723
38.51	-55.84	-308.54	-62.1502	-34.8559	106.962
37.73	-54.57	-309.73	-62.6171	-36.4242	106.579
37.16	-54.34	-310.18	-62.5199	-37.3335	105.97
37.86	-54.22	-307.43	-62.0111	-36.6065	105.137
38.51	-53.94	-306.26	-62.2836	-37.4815	105.034
39.5	-52.33	-300.53	-62.1291	-37.5857	104.556
39.96	-51.03	-297.88	-62.413	-39.5996	103.679
40.45	-51.74	-296.57	-61.8656	-41.1242	102.376
40.47	-53.48	-298.15	-60.8247	-43.421	100.005
40.62	-55.15	-300.74	-59.7334	-45.613	97.024
40.75	-56.11	-303.9	-58.5257	-46.4938	93.6298
41.32	-57.66	-304.92	-58.0482	-47.2141	90.6622
41.49	-57.76	-305.83	-59.046	-47.0353	89.4462
41.54	-57.23	-304.17	-60.3598	-46.856	89.3812
41.72	-57.51	-303.75	-60.9209	-46.4883	88.4136
41.51	-56.72	-303.67	-61.4831	-46.1959	87.7571
41.22	-56	-302.53	-61.5335	-45.8204	87.2684
41.4	-56.56	-301.84	-61.58	-46.1537	86.72
41.76	-57.15	-303.55	-61.5144	-45.3453	85.1239
41.65	-56.33	-302.41	-62.3332	-45.4121	84.4996
42.62	-57.2	-302.19	-63.8828	-44.604	84.861
43.53	-57.6	-301.32	-65.6311	-44.0988	85.5757
44.39	-58.25	-301.1	-66.6115	-43.1414	85.0788
45.79	-59.73	-301.69	-67.3312	-43.4466	84.7505
47.48	-60.2	-301.51	-67.8838	-42.4334	83.8585
49.05	-58.84	-300.3	-67.8285	-39.697	82.596
53.11	-58.38	-300.42	-68.0869	-37.9952	82.4599
56.94	-57.66	-299.98	-67.9825	-36.6277	82.4046
62.61	-53.99	-300.48	-68.2082	-33.5005	82.3282
65.67	-52.2	-300.63	-68.7336	-32.1906	82.3441
67.89	-50.91	-299.95	-69.3522	-31.5257	82.2695
70.03	-50.31	-297.27	-70.3544	-32.1497	82.1054
70.51	-50.8	-298.56	-70.9171	-32.2451	81.8447
70.78	-50.07	-296.93	-71.6863	-32.9194	81.5782
72.12	-50.44	-296.15	-72.894	-32.6445	82.0484
72.8	-50.36	-296.18	-73.5014	-32.7985	82.056
74.07	-50	-298.17	-74.484	-31.5876	82.0004
75.06	-49.32	-297.71	-75.3356	-30.093	81.9236
77.47	-50.79	-299.45	-75.7671	-30.2072	81.8649
79.1	-50.93	-302.22	-75.9617	-29.4059	80.1393
81.19	-51.82	-301.87	-75.8064	-29.0673	78.3074
84.22	-53.48	-301.56	-75.4258	-29.3717	75.7074
84.65	-53.2	-302.27	-74.1563	-29.2567	71.8174
84.21	-53.16	-301.21	-75.0361	-26.4317	68.7314
78.28	-54.79	-303.65	-75.4685	-27.409	64.3361
68.18	-57.56	-301.95	-75.133	-29.1562	62.5242
37.06	-60.96	-299.41	-54.565	-36.6408	45.3502
34.22	-55.72	-301.71	-34.8482	-32.1679	39.9508
31.65	-54.24	-301.89	-26.6921	-26.3569	36.4031
30.18	-54.01	-301.92	-19.5241	-18.8134	29.9319
28.84	-54.45	-301.72	-16.3065	-17.3385	26.9941
28.59	-54.24	-301.88	-17.3326	-14.2496	24.1843
29.2	-55.06	-303.11	-18.3863	-11.2766	15.1578
28.36	-55.62	-302.62	-18.9975	-9.24052	9.79702
28.31	-55.77	-302.04	-15.469	-9.73535	8.96819
28.47	-55.83	-301.8	-13.8216	-10.5388	6.78922
28.59	-56.28	-301.29	-10.4236	-13.5671	6.57575
29.09	-57.7	-301.01	-9.512	-19.5668	3.42908
29.67	-59.71	-300.68	-6.90064	-24.8439	-2.26408
31.01	-62.39	-300.54	-7.53251	-31.7259	-8.0651
35.46	-66.45	-299.29	-19.5695	-48.0158	-6.14716
40.9	-68.64	-298.56	-55.7832	-53.3682	23.9006
49.72	-72.84	-299.59	-77.5045	-46.8308	44.6452
50.05	-76.2	-299.44	-79.6117	-45.3105	45.8759
54.59	-81.74	-301.98	-81.5902	-43.9898	48.4236
63.8	-89.39	-305.56	-84.4996	-41.3134	52.1677
68.39	-94.8	-306.73	-85.4153	-39.5231	53.1701
72.83	-99.63	-306.98	-86.0719	-37.6673	53.943
76.45	-103.54	-307.11	-84.0228	-38.2922	52.9162
80.22	-105.66	-308.01	-85.0332	-35.5473	53.7884
83.23	-106.57	-308.48	-85.8518	-32.7328	55.1659
62.46	-83.72	-302.83	-85.9774	-26.6715	64.1866
58.4	-78.66	-300.44	-86.2668	-27.2049	65.8796
40.49	-63.76	-295.62	-66.9745	-36.9346	65.7065
40.85	-60.12	-293.51	-56.3066	-38.0736	71.4655
37.98	-58.17	-290.43	-44.824	-39.405	74.3901
37.08	-56.28	-291.47	-43.8629	-38.8219	75.8956
35.65	-54.9	-290.91	-42.5431	-36.9968	76.1741
35.89	-54.62	-291.95	-43.2544	-36.0674	75.4249
37.57	-54.82	-293.36	-48.9856	-32.4493	74.1495
40.97	-55.54	-294.38	-56.0054	-28.813	74.3187
51.9	-55.65	-294.66	-64.3003	-21.2268	74.1913
63.98	-51.28	-297.72	-65.7218	-18.5429	73.3042
77.47	-44.41	-300.92	-68.4068	-15.8329	72.3389
89.89	-38.62	-304.01	-70.6569	-13.675	70.3786
99.56	-34.15	-306.96	-73.2217	-9.76314	67.2
108.56	-30.45	-311.27	-74.3005	-7.9956	63.5899
115.92	-27.49	-316.21	-74.3491	-7.44616	59.0892
121.61	-24.64	-321.97	-75.2595	-5.18453	53.7869
129.36	-16.43	-333.71	-76.1906	-5.13473	48.2353
131.15	-8.52	-344.64	-81.0875	-1.37728	47.0327
126	-1.39	-359.06	-72.8148	-10.6695	45.6104
116.51	7.35	-377.14	-70.2978	-13.3536	46.8939
104.5	13.84	-397.37	-64.3155	-20.5737	46.1493
92.84	21.83	-419.23	-63.0448	-24.9034	46.8009
74.51	24.72	-445.19	-52.9518	-36.658	40.0741
69.16	19.78	-460.56	-53.4075	-38.1736	39.4905
45.38	12.47	-476.07	-38.962	-44.8113	30.1322
29.45	-4.32	-476.42	-37.8768	-50.2552	31.5663
18.28	-19.81	-468.77	-28.8747	-55.5074	31.2762
40.71	-59.02	-387.59	-8.92386	-39.8748	28.3029
72.73	-51.4	-324.91	-11.3409	-23.473	28.5193
85.83	-45.67	-307.58	-16.2778	-20.9656	32.6882
82.21	-41.13	-312.65	-15.2073	-21.572	29.2653
73.62	-33.43	-321.81	-16.7897	-25.057	27.7464
67.83	-26.26	-330.97	-16.3479	-28.1393	26.7923
65.81	-21.84	-333.69	-17.212	-29.3385	26.507
67.3	-20.79	-330.22	-18.6833	-28.7316	27.3088
69.78	-20.11	-324.63	-20.8165	-27.6321	28.5895
71.54	-18.53	-320.08	-20.9753	-27.6884	28.8693
69.08	-17.6	-318.16	-22.3672	-27.6907	29.1797
68.47	-21.31	-320.43	-23.0373	-29.1727	30.3148
68.59	-22.77	-321.61	-23.1004	-29.1287	30.5591
69.55	-23.63	-322.25	-20.3264	-29.6148	29.1856
74.62	-24.82	-322.11	-21.7149	-28.8574	29.7406
79.19	-24.56	-324.76	-17.5257	-30.7684	28.3913
84.94	-24.49	-329.37	-21.3016	-29.0133	30.6501
88.56	-22.24	-335.61	-20.157	-28.9379	30.2835
89.06	-17.93	-345.17	-20.9685	-29.3799	30.4311
85.53	-11.01	-359.91	-19.5963	-33.6632	28.8725
84.62	-5.58	-370.98	-23.0861	-35.2257	30.438
79.13	0.4	-385.92	-23.6632	-35.9955	30.3609
77.27	-1.82	-388.92	-23.2088	-33.6085	29.5378
81.21	-1.49	-390.48	-22.557	-33.5258	30.3816
83.8	-11.32	-391.01	-16.7151	-28.2142	27.0313
97.88	-10.36	-399.99	-11.8859	-28.8036	28.6747
100.57	-11.67	-403.44	-18.271	-25.886	31.2259
98.66	-8.26	-407.7	-17.6387	-28.5352	30.1639
91.43	-5.49	-412.01	-19.3794	-31.2605	28.0071
87.8	9.98	-425.74	-18.1443	-41.7658	27.3258
78.32	10.95	-424.38	-27.6909	-40.2135	32.391
69.28	8.33	-413.95	-19.0347	-39.2633	23.9149
69.65	3.31	-405.18	-11.5252	-38.8967	16.2511
70.43	-1.99	-391.63	-13.7723	-33.907	17.4272
70.63	-10.69	-380.29	-6.19119	-30.3197	15.8154
71.33	-21.42	-374.94	-0.592553	-28.2307	16.2972
64.55	-29.34	-375.03	3.79778	-28.192	15.0337
52.19	-37.21	-380.34	4.43866	-29.9095	12.927
37.61	-47.91	-386.5	8.47358	-32.8688	9.13448
25.14	-62.03	-392.7	18.0022	-35.996	2.15598
16.39	-76.96	-395.25	23.1015	-37.641	-1.30864
12.23	-93.41	-397.15	32.1467	-38.6309	-6.024
11.47	-108.03	-394.32	35.3961	-38.1903	-6.44318
14.8	-119.45	-388	43.3521	-36.3121	-9.56131
20.02	-128.41	-379.39	45.5027	-34.1576	-8.94314
24.07	-130.89	-365.55	37.1584	-33.0215	-4.02131
21.63	-125.66	-356.63	40.5014	-31.1288	-6.49773
22.02	-124.15	-352.07	36.8717	-30.6744	-5.95575
22.05	-117.11	-345.15	35.8907	-30.5147	-6.26529
20.76	-109.89	-333.44	36.906	-29.9446	-7.09679
24.46	-107.25	-328.26	37.4408	-29.6737	-7.27911
27.42	-106.78	-327.25	33.0967	-30.1739	-5.19656
29.01	-106.61	-331.88	32.3467	-31.8323	-5.0029
28	-108.05	-340.05	31.9755	-33.4274	-5.50549
27.02	-109.8	-350.5	31.7301	-35.6849	-6.9757
25.42	-113.01	-360.89	34.8366	-37.3388	-10.337
23.25	-120.38	-371.01	36.6344	-39.4284	-12.9318
21.35	-130.13	-378.58	44.034	-40.6755	-18.6263
20.64	-151.88	-376.69	44.0105	-40.9076	-18.6563
22.2	-155.85	-377.36	45.7626	-41.2407	-18.1649
25.77	-169.09	-371.63	40.9336	-41.0998	-12.643
33.63	-185.2	-362.73	48.1609	-37.5376	-12.7479
41	-193.23	-358.56	52.1989	-36.1337	-13.1071
46.87	-199.28	-356.56	51.5141	-35.5702	-11.7566
53.17	-205.14	-360.23	51.9582	-35.9739	-12.5367
52.84	-206.31	-362.6	50.4014	-35.4363	-11.141
56.96	-202.37	-375.72	50.9474	-36.1478	-10.3203
58.16	-199.43	-382.13	54.4822	-33.9246	-11.7216
54.88	-194.79	-393.64	50.2124	-32.4016	-8.25293
48.46	-192.81	-405.42	52.8821	-30.7126	-10.4757
40.64	-189.52	-420.85	49.1673	-32.4325	-11.0197
18.91	-155.87	-486.38	70.1736	-36.1514	-36.7559
